version: 1
creator: callgrind-3.10.1
pid: 6334
cmd:  a.out
part: 1


desc: I1 cache: 
desc: D1 cache: 
desc: LL cache: 

desc: Timerange: Basic block 0 - 1486713116
desc: Trigger: Program termination

positions: line
events: Ir
summary: 6967176164


ob=(4) /lib/x86_64-linux-gnu/libpthread-2.19.so
fl=(103) /build/eglibc-oGUzwX/eglibc-2.19/nptl/../nptl/sysdeps/pthread/createthread.c
fn=(468) do_clone.constprop.3
51 4
+8 4
-8 24
+8 12
+14 4
+2 36
cob=(3) /lib/x86_64-linux-gnu/libc-2.19.so
cfi=(104) /build/eglibc-oGUzwX/eglibc-2.19/misc/../sysdeps/unix/sysv/linux/x86_64/clone.S
cfn=(474) clone
calls=4 -20 
* 72
cob=(1) /lib/x86_64-linux-gnu/ld-2.19.so
cfi=(52) /build/eglibc-oGUzwX/eglibc-2.19/elf/../sysdeps/x86_64/dl-trampoline.S
cfn=(220) _dl_runtime_resolve
calls=1 -41 
* 905
* 8
+3 8
+18 8
+44 4
+2 4
+1 20

fl=(100) /build/eglibc-oGUzwX/eglibc-2.19/nptl/pthread_create.c
fn=(652) __nptl_deallocate_tsd
113 16
+82 4

fn=(440) pthread_create@@GLIBC_2.2.5
466 36
+6 4
-6 12
+5 4
+1 4
fi=(101) /build/eglibc-oGUzwX/eglibc-2.19/nptl/allocatestack.c
353 4
cob=(3)
cfi=(102) /build/eglibc-oGUzwX/eglibc-2.19/misc/../sysdeps/unix/sysv/linux/getpagesize.c
cfn=(448) getpagesize
calls=4 29 
* 20
cob=(1)
cfi=(52)
cfn=(220)
calls=1 34 
* 995
* 8
* 8
+3 12
+5 12
+10 12
475 8
+11 4
-11 4
+11 4
-11 28
+12 8
+4 28
+2 12
+1 4
-2 8
179 16
+8 16
641 12
+70 8
+15 4
-10 4
+5 4
+3 4
+2 4
+2 4
+7 12
fe=(100)
528 4
-9 4
+3 4
+11 4
-5 4
+1 4
+4 8
-4 4
+3 4
+2 12
+5 12
-6 4
+6 4
+3 24
+5 4
+1 4
-1 4
+1 4
+4 8
+5 8
+4 12
+45 8
fi=(103)
151 8
+35 16
+52 8
+2 4
-2 4
+3 4
+1 8
+3 12
cfn=(468)
calls=4 51 
* 1113
+3 4
-3 4
+3 12
fe=(100)
614 8
+3 4
+1 32
474 16
+1 16
+2 4
-2 40
+2 4
+18 8
+1 8
fi=(103)
239 4
-2 4
+2 8
fi=(101)
706 16
212 8
509 8
+4 4
-4 4
+4 8
-4 8
+4 12
cob=(3)
cfi=(91) /build/eglibc-oGUzwX/eglibc-2.19/misc/../sysdeps/unix/syscall-template.S
cfn=(394) mmap
calls=4 81 
* 24
cob=(1)
cfi=(52)
cfn=(220)
calls=1 34 
* 883
* 8
+3 4
-3 4
+3 8
+5 8
+27 16
+9 4
+6 4
-5 4
+8 4
-3 4
+5 12
+15 4
+3 8
+3 8
cob=(1)
cfi=(36) /build/eglibc-oGUzwX/eglibc-2.19/elf/dl-tls.c
cfn=(458) _dl_allocate_tls
calls=4 459 
* 2270
cob=(1)
cfi=(52)
cfn=(220)
calls=1 34 
* 1157
* 8
* 12
+13 16
+3 4
154 12
fi=(147) /build/eglibc-oGUzwX/eglibc-2.19/nptl/../nptl/sysdeps/pthread/list.h
-94 4
+1 8
-1 4
+2 4
+2 4
fi=(101)
+98 4
607 8
+7 8
+36 16
cob=(3)
cfi=(91)
cfn=(464) mprotect
calls=4 81 
* 20
cob=(1)
cfi=(52)
cfn=(220)
calls=1 34 
* 951
* 8
* 8
fe=(100)

fn=(476) start_thread
233 16
+6 16
+1 4
+5 12
+4 4
cob=(3)
cfi=(66) /build/eglibc-oGUzwX/eglibc-2.19/ctype/ctype-info.c
cfn=(272) __ctype_init
calls=4 31 
* 64
cob=(1)
cfi=(52)
cfn=(220)
calls=1 34 
* 1035
* 8
+3 16
+11 20
+8 8
+19 4
-4 4
+1 4
+3 4
cob=(3)
cfi=(74) /build/eglibc-oGUzwX/eglibc-2.19/setjmp/../sysdeps/x86_64/bsd-_setjmp.S
cfn=(326) _setjmp
calls=4 30 
* 116
cob=(1)
cfi=(52)
cfn=(220)
calls=1 34 
* 919
* 8
+1 4
-1 4
+1 4
+3 8
+2 12
+16 8
cob=(6) /home/super29/svn/Proj/src/OS/a.out
cfi=(77) /home/super29/svn/Proj/src/OS/shuffle_and_sort.c
cfn=(486) ThreadSort
calls=4 -60 
* 3908597983
* 4
+10 4
cob=(3)
cfi=(135) /build/eglibc-oGUzwX/eglibc-2.19/stdlib/cxa_thread_atexit_impl.c
cfn=(644) __call_tls_dtors
calls=4 82 
* 1205
cob=(1)
cfi=(52)
cfn=(220)
calls=1 34 
* 1060
* 8
+3 4
cfn=(652)
calls=4 113 
* 20
+4 4
cob=(2) ???
cfi=(14) ???
cfn=(658) __libc_thread_freeres
calls=4 0 
* 408
cob=(1)
cfi=(52)
cfn=(220)
calls=1 34 
* 1159
* 8
+6 16
+5 12
+30 8
+35 4
cob=(3)
cfi=(102)
cfn=(448)
calls=4 29 
* 20
* 4
+3 4
-3 4
+3 4
-3 4
+3 12
+1 8
+1 8
+20 12
+3 8
-22 12
cob=(3)
cfi=(91)
cfn=(672) madvise
calls=4 81 
* 20
cob=(1)
cfi=(52)
cfn=(220)
calls=1 34 
* 979
* 8
* 4

fn=(680) __free_tcb
203 8
+2 16
+10 12
+11 4
+2 4
-2 4
cfi=(101)
cfn=(682) __deallocate_stack
calls=4 759 
* 140

fl=(50) /build/eglibc-oGUzwX/eglibc-2.19/nptl/../sysdeps/unix/sysv/linux/x86_64/sigaction.c
fn=(210) __libc_sigaction
49 2
+4 2
-4 2
+4 2
+3 2
-1 2
+1 4
-1 2
+1 58
+1 8
+2 4
+5 34
+3 4
+8 4
-8 4

fl=(113) /build/eglibc-oGUzwX/eglibc-2.19/nptl/cleanup_defer_compat.c
fn=(530) _pthread_cleanup_push_defer
30 2975137
+1 2975137
+1 5950274
+2 2975137
+3 8925411
+17 8925411
-2 2975137
+4 5950274

fn=(532) _pthread_cleanup_pop_restore
68 5950274
+3 8925411
+23 8925411

fl=(133) /build/eglibc-oGUzwX/eglibc-2.19/nptl/cleanup_compat.c
fn=(636) _pthread_cleanup_push
31 4
+1 4
+1 8
+2 8

fn=(678) _pthread_cleanup_pop
47 8
+4 12

fl=(132) /build/eglibc-oGUzwX/eglibc-2.19/nptl/pthread_join.c
fn=(634) pthread_join
43 32
+4 20
+5 4
+2 4
-2 4
+12 28
cfi=(133)
cfn=(636)
calls=4 -33 
* 24
-8 4
+11 4
cfi=(134) /build/eglibc-oGUzwX/eglibc-2.19/nptl/../nptl/sysdeps/unix/sysv/linux/x86_64/cancellation.S
cfn=(638) __pthread_enable_asynccancel
calls=4 -10 
* 44
+2 4
-2 4
+2 4
+1 8
+15 12
+7 30
+4 8
cfi=(134)
cfn=(676) __pthread_disable_asynccancel
calls=4 -6 
* 48
+3 12
cfi=(133)
cfn=(678)
calls=4 -52 
* 20
+9 4
-3 4
+3 4
+5 8
cfi=(100)
cfn=(680)
calls=4 +90 
* 188
* 4
+6 32

fl=(89) /build/eglibc-oGUzwX/eglibc-2.19/nptl/../sysdeps/unix/syscall-template.S
fn=(378) open
81 2
cfn=(380) __open_nocancel
calls=1 * 
* 5

fn=(748) close
81 4
cfi=(134)
cfn=(638)
calls=1 -24 
* 11
* 6
cfi=(134)
cfn=(676)
calls=1 +9 
* 12
* 4
+1 1

fn=(380)
81 5

fl=(134)
fn=(638)
57 5
+1 5
+1 5
+1 5
+1 5
+2 5
+2 5
+2 5
+1 5
+1 5
+2 5

fn=(676)
90 5
+1 5
+2 5
+1 5
+1 5
+1 5
+2 5
+2 5
+1 5
+1 5
+1 5
+1 5

fl=(49) /build/eglibc-oGUzwX/eglibc-2.19/nptl/nptl-init.c
fn=(208) __pthread_initialize_minimal
281 1
+16 1
-2 1
-14 1
+16 1
-16 2
+16 3
+1 2
+1 1
+4 3
+5 1
+4 1
+3 2
-7 1
+2 1
+5 1
+31 1
-6 1
+6 6
+3 1
-3 1
+3 1
+1 2
+1 2
+7 3
+3 1
fi=(147)
60 1
fe=(49)
361 1
+1 1
fi=(147)
60 1
+1 1
+1 1
+2 1
fe=(49)
366 2
+6 1
+2 2
-1 1
+1 1
+2 1
-4 1
+2 19
+2 3
cfi=(50)
cfn=(210)
calls=1 49 
* 67
+3 1
+3 3
-2 1
-1 1
+3 1
cfi=(50)
cfn=(210)
calls=1 49 
* 67
fi=(51) /build/eglibc-oGUzwX/eglibc-2.19/nptl/../sysdeps/unix/sysv/linux/bits/sigset.h
117 1
fe=(49)
389 1
fi=(51)
117 1
fe=(49)
389 5
+6 3
cob=(1)
cfi=(36)
cfn=(226) _dl_get_tls_static_info
calls=1 -75 
* 5
cob=(1)
cfi=(52)
cfn=(220)
calls=1 34 
* 1254
* 5
+3 3
+4 2
+5 2
-5 4
+5 1
cob=(3)
cfi=(54) /build/eglibc-oGUzwX/eglibc-2.19/resource/../sysdeps/unix/syscall-template.S
cfn=(232) getrlimit
calls=1 81 
* 5
cob=(1)
cfi=(52)
cfn=(220)
calls=1 34 
* 934
* 5
* 2
+12 1
+7 1
-7 1
+1 5
+5 5
+1 3
+1 1
+1 1
-1 1
+2 2
+4 1
cob=(3)
cfi=(55) /build/eglibc-oGUzwX/eglibc-2.19/elf/dl-tsd.c
cfn=(238) __libc_dl_error_tsd
calls=1 48 
* 3
cob=(1)
cfi=(52)
cfn=(220)
calls=1 34 
* 1107
* 5
* 1
+10 1
-10 1
cob=(1)
cfi=(2) /build/eglibc-oGUzwX/eglibc-2.19/elf/rtld.c
cfn=(92) _dl_initial_error_catch_tsd
calls=1 797 
* 2
* 2
+1 1
+6 1
+1 1
-7 1
+4 1
+4 1
-4 1
+1 2
+3 1
+3 1
+11 3
-11 1
+3 2
+2 2
+6 1
cob=(3)
cfi=(56) /build/eglibc-oGUzwX/eglibc-2.19/nptl/../nptl/sysdeps/unix/sysv/linux/libc_pthread_init.c
cfn=(244) __libc_pthread_init
calls=1 42 
* 443
cob=(1)
cfi=(52)
cfn=(220)
calls=1 34 
* 1115
* 5
+4 1
-6 1
+7 5
-53 3
+4 1
+3 3
-15 3

fl=(60) /build/eglibc-oGUzwX/eglibc-2.19/nptl/../sysdeps/x86_64/multiarch/init-arch.c
fn=(260) __get_cpu_features
200 3
54 1
199 1
54 1
+3 1
-3 1
+3 5
-26 2
+6 1
-6 1
+7 1
-1 1
+28 1
-27 1
+27 1
-28 1
+2 1
-1 1
+1 1
+26 1
+1 1
-35 4
+35 1
+5 1
-12 1
+12 1
+3 12
+78 2
+1 7
+7 3
+4 2
+2 3
+4 2
+1 1
+2 2
+3 2
+8 2
+5 1
+1 1
+14 1
-12 1
+12 2
-20 4
+1 4
+1 2
-85 1
-42 1
+42 1
+22 1
-64 2

fl=(84) /build/eglibc-oGUzwX/eglibc-2.19/nptl/pthread_mutex_unlock.c
fn=(356) pthread_mutex_unlock
41 2
309 2
41 2
+1 2
-1 2
+1 4
+4 4
+5 2
+3 2
+3 6
311 4
63 4
+6 8
+4 6
+3 4

fl=(82) /build/eglibc-oGUzwX/eglibc-2.19/nptl/../nptl/pthread_mutex_lock.c
fn=(346) pthread_mutex_lock
63 2
+3 2
-3 2
+3 2
+4 2
-4 2
+4 4
+4 4
+84 2
+5 2
-2 2
+7 2
+1 4
-86 4
+11 8
+4 2
+3 4
+13 8
+2 4
+1 4

fl=(58) ???
fn=(814) 0x0000000000006950
0 8
cob=(3)
cfi=(144) /build/eglibc-oGUzwX/eglibc-2.19/stdlib/cxa_finalize.c
cfn=(800) __cxa_finalize
calls=1 31 
0 65
cob=(1)
cfi=(52)
cfn=(220)
calls=1 34 
0 1024
0 5
0 1
cfn=(826) 0x00000000000068e0
calls=1 0 
0 9
0 3

fn=(826)
0 9

fn=(250) 0x0000000000006990
0 16

fl=(59) /build/eglibc-oGUzwX/eglibc-2.19/nptl/../nptl/sysdeps/unix/sysv/linux/x86/elision-conf.c
fn=(258) elision_init
64 1
+1 1
cfi=(60)
cfn=(260)
calls=1 200 
* 96
* 4
+4 2

fl=(101)
fn=(682)
759 8
+1 16
+4 4
139 4
fi=(147)
-67 12
+1 8
fe=(101)
770 4
147 4
770 4
154 12
fi=(147)
-94 4
+1 8
-1 4
+2 4
+2 4
fe=(101)
308 8
162 4
309 4
-1 4
+1 4
776 8
+1 8

ob=(2)
fl=(14)
fn=(662) strerror_thread_freeres
0 12
cob=(1)
cfi=(36)
cfn=(650) __tls_get_addr
calls=4 770 
0 44
0 4
0 12
cob=(3)
cfi=(78) /build/eglibc-oGUzwX/eglibc-2.19/malloc/malloc.c
cfn=(612) free
calls=4 2917 
0 28
0 4

fn=(314) 0x0000000000400938
0 6

fn=(832) 0x0000000004c394c4
0 3

fn=(284) 0x0000000004a25560
0 6

fn=(658)
0 36
cfn=(660) arena_thread_freeres
calls=4 0 
0 84
0 12
cfn=(666) __rpc_thread_destroy
calls=4 0 
0 44
cfn=(664) res_thread_freeres
calls=4 0 
0 64
cfn=(662)
calls=4 0 
0 104
0 64

fn=(664)
0 64

fn=(206) 0x0000000004c2c530
0 2
cob=(4)
cfi=(49)
cfn=(208)
calls=1 281 
0 5198
0 2

fn=(660)
0 84

fn=(666)
0 44

fn=(786) 0x0000000000401910
0 3

fn=(812) 0x0000000004a257e8
0 3

ob=(3)
fl=(91)
fn=(404) __syscall_clock_gettime
62 2
+1 1

fn=(394)
81 90
+1 18

fn=(464)
81 32
+1 8

fn=(672)
81 20
+1 5

fn=(518) munmap
81 56
+1 14

fl=(123) /build/eglibc-oGUzwX/eglibc-2.19/libio/strops.c
fn=(576) _IO_str_init_static_internal
39 24
+4 6
+1 9
cfi=(124) /build/eglibc-oGUzwX/eglibc-2.19/string/../sysdeps/x86_64/rawmemchr.S
cfn=(578) rawmemchr
calls=3 -19 
* 72
* 3
+5 15
cfi=(111) /build/eglibc-oGUzwX/eglibc-2.19/libio/genops.c
cfn=(560) _IO_setb
calls=3 399 
* 63
+5 3
-3 3
+1 3
+1 3
+1 3
+13 3
+1 18
-6 3
+1 3
+1 6

fl=(78)
fn=(338) calloc
3161 8
+13 24
-13 8
+10 16
-10 24
+13 16
+10 16
+1 16
+12 75
+7 7
+8 7
-7 14
+7 14
+7 21
cfn=(362) _int_malloc
calls=7 +83 
* 1108
+3 7
-3 7
+3 53
+16 33
+4 21
+2 8
+50 18
-41 5
-3 5
+3 10
-14 5
+14 10
+11 5
+1 10
+1 10
+2 10
+8 1
-3 1
+1 1
+1 2
+1 1
+4 1
-2 1
+1 1
+1 1
+4 1
-2 1
+1 1
+1 1
+2 1
+1 2
-34 15
+16 8
+25 20
-25 4
cfi=(88) /build/eglibc-oGUzwX/eglibc-2.19/string/../sysdeps/x86_64/memset.S
cfn=(372) memset
calls=4 53 
* 190
+25 5
-25 1
cfi=(88)
cfn=(372)
calls=1 53 
* 14
-81 3
cfi=(79) /build/eglibc-oGUzwX/eglibc-2.19/malloc/hooks.c
cfn=(340) malloc_hook_ini
calls=1 30 
* 59195
+1 2
+3 4

fn=(362)
3302 112
+30 16
-30 16
+30 144
+8 32
+2 3
+1 1
+1 1
-1 2
+5 2
+29 32
+2 20
+1 20
+2 30
+2 2
3806 144
3421 48
+1 12
+1 3
cfn=(364) malloc_consolidate
calls=1 4104 
* 793
* 1
3790 1
4992 2
3790 3
+2 25
4990 1
+2 1
-2 3
3442 2
3790 15
4992 30
3790 45
+2 375
4990 15
+2 15
-2 45
3442 78
3576 32
+73 16
+1 16
+1 16
-1 16
+1 16
+1 32
+1 32
+5 96
+4 48
+3 40
-3 30
+3 40
-3 30
+3 24
-3 12
3765 16
+3 16
-2 48
+2 32
+17 12
3578 12
+3 18
3421 90
5000 6
2271 24
+11 6
-11 6
+11 21
+15 25
+6 10
+66 1
-9 1
+9 1
+9 3
2700 2
+1 1
+5 2
+3 2
+5 1
-3 1
+3 1
-2 1
+5 1
-3 3
+1 1
-1 1
-1 1
+1 2
+1 1
3801 12
1862 18
2272 2
3773 10
-3 10
+1 10
+2 10
-1 10
+1 20
+2 10
-2 30
1862 10
3773 10
+2 10
+3 10
1862 20
2433 1
+19 2
-19 1
+9 1
+10 2
-10 1
+10 1
-10 3
+10 3
+8 1
-8 1
+8 1
+2 4
cfi=(85) /build/eglibc-oGUzwX/eglibc-2.19/malloc/morecore.c
cfn=(366) __default_morecore
calls=1 46 
* 62
* 2
+4 5
+3 2
+1 2
+19 1
+27 2
+1 1
+1 2
+6 1
-6 1
+6 1
+3 6
+42 3
+19 1
+3 2
+1 6
+2 1
-2 1
+2 1
+1 4
cfi=(85)
cfn=(366)
calls=1 46 
* 26
+12 3
+8 2
+1 3
+39 1
+1 1
-2 1
+1 3
+12 1
-12 1
+1 1
+11 1
2527 2
+42 3
2369 2
-64 40
cfi=(91)
cfn=(394)
calls=5 81 
* 30
+2 15
+15 15
+15 15
+5 15
+1 23
+3 15
+1 25

fn=(614) _int_free
3814 56
+13 7
-13 7
+13 14
+6 28
+1 14
+11 28
+13 21
+11 8
+1 6
1869 2
3894 2
1869 4
3896 6
+1 4
+1 2
+3 2
-3 2
+9 6
-5 8
+14 4
+2 2
+2 12
+2 4
4087 16
3933 10
+1 15
+18 5
-4 5
+4 10
+6 10
+8 15
+6 10
+1 10
+1 10
1869 15
3983 10
+7 10
+65 10
+1 10
+3 15
+9 12
+2 12
+1 4
fi=(80) /build/eglibc-oGUzwX/eglibc-2.19/malloc/arena.c
675 4
fe=(78)
4071 4
fi=(80)
674 12
+6 12
fe=(78)
3943 40
+2 10
fi=(80)
713 4
+1 12
-1 4
+1 16
+1 8
-78 2
+1 2
fi=(136) /build/eglibc-oGUzwX/eglibc-2.19/malloc/../sysdeps/unix/sysv/linux/malloc-sysdep.h
38 3
fi=(80)
643 1
+2 2
-2 1
+9 3
cfi=(91)
cfn=(672)
calls=1 81 
* 5
* 1
+71 1
+3 1
-71 1
+71 1
-4 1
+4 2
fe=(78)
4075 15
+1 15
+1 25
+10 40
-51 5
+1 15
+1 10
+19 2
cfn=(364)
calls=1 +47 
* 188
* 1
+4 5
5000 4
fi=(80)
680 8
fi=(136)
41 2
+2 1
-2 1
+2 1
+2 4
cfi=(114) /build/eglibc-oGUzwX/eglibc-2.19/io/../sysdeps/unix/syscall-template.S
cfn=(536) __open_nocancel
calls=1 +36 
* 5
+2 3
+3 6
cfi=(114)
cfn=(566) __read_nocancel
calls=1 +31 
* 5
+1 9
+1 4
+4 3
fe=(78)
3960 3
-2 2

fn=(360) malloc
2876 36
+5 18
+1 18
+3 18
+2 52
+4 27
cfn=(362)
calls=9 3302 
* 2422
+1 9
-1 9
+1 9
+11 44
+1 57
+3 45
-3 16
-17 8
cfi=(80)
cfn=(514) arena_get2.isra.3
calls=4 851 
* 3167
+1 4
-1 4
+1 4

fn=(364)
4104 16
+22 4
+1 3
4990 1
+2 2
4129 1
+10 1
+1 1
4990 4
4142 2
+1 2
-1 18
+1 26
+26 2
+4 2
-3 2
+1 2
+2 2
+5 2
+1 2
+1 2
-2 2
+12 2
-12 2
+3 2
+9 2
-41 2
-3 2
+3 4
+1 2
+1 4
+2 4
+1 1
+2 1
-1 1
+2 10
+3 4
+3 4
+4 4
+26 40
+6 8
4996 1
4126 3
1785 1
+3 3
-3 128
+3 378
-3 252
+7 3
+5 1
+2 1
-2 1
4199 8
1796 3

fn=(612)
2917 32
+1 32
+6 32
+5 12
-2 12
+2 24
+16 33
+1 8
cfn=(614)
calls=4 3814 
* 563
* 6
cfn=(614)
calls=3 3814 
* 435
-14 15
+1 10
+1 10
+2 5
+1 5
-1 5
+1 10
2807 10
+1 5
+6 5
-7 5
+7 30
+7 5
+1 15
+5 10
cfi=(91)
cfn=(518)
calls=5 81 
* 25
* 4

fl=(105) /build/eglibc-oGUzwX/eglibc-2.19/stdlib/msort.c
fn=(494) qsort_r
166 48
+6 4
-6 4
+6 4
-5 4
+8 12
+10 8
+29 24
+7 4
+1 8
-1 4
+1 4
cfi=(78)
cfn=(360)
calls=4 2876 
* 1677
* 4
+1 4
+1 4
-2 4
+2 4
-1 4
+1 4
+7 8
+8 4
-5 4
+1 4
+1 4
+1 4
+2 4
+61 40
-15 8
+2 8
+2 8
45 24
cfn=(618) msort_with_tmp.part.0
calls=4 -5 
* 3908581742
299 8
cfi=(78)
cfn=(612)
calls=4 2917 
* 344
* 4
* 4
187 9
cfi=(106) /build/eglibc-oGUzwX/eglibc-2.19/posix/../sysdeps/unix/sysv/linux/x86_64/sysconf.c
cfn=(496) sysconf
calls=3 32 
* 12785
+2 27
+9 3
+5 6
cfi=(106)
cfn=(496)
calls=3 32 
* 108
* 9
+87 8
+1 8

fn=(492) qsort
307 8
cfn=(494)
calls=4 166 
* 3908597018

fn=(618)
40 20
+8 8
-8 4
+11 4
-11 4
+9 4
-9 4
+11 4
-6 4
-5 12
+11 4
-6 12
cfn=(619) msort_with_tmp.part.0'2
calls=4 -5 
* 1853780654
* 24
cfn=(619)
calls=4 -5 
* 1853882102
+11 4
+1 4
-1 4
+2 4
-1 4
+2 4
+1 4
-1 4
+1 8
+98 8
+2 24
+1 28
-1 4
cfi=(120) /build/eglibc-oGUzwX/eglibc-2.19/string/../sysdeps/x86_64/multiarch/../memcpy.S
cfn=(570) __GI_memcpy
calls=4 -99 
* 7202396
-79 20
+10 1487555
+2 1487555
-1 2975110
+3 1487555
-14 2975110
+11 1487565
+3 1487565
-14 8925370
+2 11900480
cob=(6)
cfi=(77)
cfn=(620) Compare
calls=2975120 297 
* 147601993
* 5950240
+2 1487565
+2 1487565
-1 2975130

fn=(619)
40 14875610
+8 5950244
-8 2975122
+11 2975122
-11 2975122
+9 2975122
-9 2975122
+11 2975122
-6 2975122
-5 8925366
+11 2975122
-6 5072258
cfn=(619)
calls=1048568 -5 
* 16027931625
* 13656428
cfn=(619)
calls=1926546 -5 
* 16304493499
+11 2975122
+1 2975122
-1 2975122
+2 2975122
-1 2975122
+2 2975122
+1 2975122
-1 2975122
+1 5950244
+98 5950244
+2 17850732
+1 20825854
-1 2975122
cfi=(120)
cfn=(570)
calls=2975122 -99 
* 178940006
-1 6569920
cfi=(120)
cfn=(570)
calls=1313984 -98 
* 25037333
* 1313984
-78 14875610
+10 26007148
+2 26007148
-1 52014296
+3 26007148
-14 52014296
+11 25349548
+3 25349548
-14 150784520
+2 205426784
cob=(6)
cfi=(77)
cfn=(620)
calls=51356696 297 
* 2538219829
* 102713392
+2 25349548
+2 25349548
-1 50699096

fl=(45) /build/eglibc-oGUzwX/eglibc-2.19/time/../sysdeps/unix/sysv/linux/x86_64/gettimeofday.c
fn=(182) gettimeofday
31 1
-1 1
fi=(43) /build/eglibc-oGUzwX/eglibc-2.19/time/../sysdeps/generic/dl-hash.h
+14 1
fe=(45)
-13 2
fi=(43)
+14 1
fe=(45)
-14 1
fi=(43)
+12 1
+5 3
+1 2
+13 2
-17 3
+3 9
+1 6
+13 6
-17 9
+22 1
fe=(45)
-36 2
+3 2
-3 1
+3 1
cfi=(44) /build/eglibc-oGUzwX/eglibc-2.19/elf/../sysdeps/unix/sysv/linux/dl-vdso.c
cfn=(178) _dl_vdso_vsym
calls=1 -7 
* 7
+1 3
+1 3

fl=(127) /build/eglibc-oGUzwX/eglibc-2.19/stdlib/../stdlib/strtol.c
fn=(586) __strtol_internal
97 9
cfi=(128) /build/eglibc-oGUzwX/eglibc-2.19/stdlib/../stdlib/strtol_l.c
cfn=(588) ____strtol_l_internal
calls=3 232 
* 687

fl=(95) /build/eglibc-oGUzwX/eglibc-2.19/stdlib/random_r.c
fn=(412) srandom_r
164 5
+8 2
+2 1
+1 2
+3 1
+2 3
+3 1
-1 1
+1 1
+5 1
+1 1
+5 1
-5 4
+5 7
+2 1
-1 2
+1 2
+2 3
+1 1
-10 3
+5 203
+2 29
-1 58
+1 58
+2 87
+1 29
-10 87
+13 1
+1 2
-1 2
+2 1
+1 4
+3 2
-3 1
+3 1
cfn=(414) random_r
calls=1 366 
* 26
* 618
-3 309
+3 309
cfn=(414)
calls=309 366 
* 8024
-3 620
+7 1
+4 5

fn=(414)
366 11901760
+5 2975440
-2 2975440
+2 5950880
+9 2975440
+1 2975440
+1 2975440
+3 5950880
+3 2975440
-3 2975440
+2 2975440
+2 2975440
-2 2975440
+2 2975440
+7 2879458
+4 2879458
-3 5758916
+6 2879458
-2 5758916
-32 95982
+23 95982
+11 95982
-3 95982
+1 191964

fl=(46) /build/eglibc-oGUzwX/eglibc-2.19/string/../sysdeps/x86_64/multiarch/memmove.c
fn=(186) memcpy@GLIBC_2.2.5
49 1
-49 12

fl=(118) /build/eglibc-oGUzwX/eglibc-2.19/libio/filedoalloc.c
fn=(556) _IO_file_doallocate
96 20
+15 24
cfi=(112) /build/eglibc-oGUzwX/eglibc-2.19/libio/fileops.c
cfn=(558) _IO_file_stat
calls=4 1222 
* 56
* 8
+2 16
+11 24
+4 24
cfi=(91)
cfn=(394)
calls=4 -47 
* 24
* 8
+1 20
cfi=(111)
cfn=(560)
calls=4 399 
* 84
+1 4
+1 20

fl=(74)
fn=(326)
30 5
+2 5
cfi=(75) /build/eglibc-oGUzwX/eglibc-2.19/setjmp/../sysdeps/x86_64/setjmp.S
cfn=(328) __sigsetjmp
calls=5 -6 
* 135

fl=(104)
fn=(474)
55 4
+1 4
+1 4
+1 4
+1 4
+3 4
+1 4
+4 4
+3 4
+1 4
+1 4
+1 4
+1 4
+5 4
+2 8
+1 8
+1 8
+2 4
+8 4
+3 4
+1 4
+12 4
+1 4
+1 4
cob=(4)
cfi=(100)
cfn=(476)
calls=4 233 
* 3908605320

fl=(99) /build/eglibc-oGUzwX/eglibc-2.19/string/../sysdeps/x86_64/multiarch/memcpy-sse2-unaligned.S
fn=(434) __memcpy_sse2_unaligned
25 15619405
+1 15619405
+1 15619405
+1 15619405
+1 15619405
+1 15619405
+1 15619401
+1 15619401
+1 5
+1 5
+1 5
+1 5
+1 5
+1 5
+2 15619405
+1 15619405
+4 5
+1 5
+1 5
+1 5
+1 5
+1 5
+1 4
+1 4
+1 4
+1 4
+1 4
+1 4
+1 4
+1 4
+1 4
+1 4
+1 3
+1 3
+1 3
+1 3
+1 3
+1 3
+1 3
+1 3
+1 3
+1 3
+1 3
+1 3
+1 3
+1 3
+4 3
+1 3
+1 3
+1 3
+1 3
+1 3
+1 3
+1 3
+1 3
+1 3
+1 3
-10 464859
+1 464859
+1 464859
+1 464859
+1 464859
+1 464859
+1 464859
+1 464859
+1 464859
+1 464859
+1 464859
+1 3
+2 4
+1 4
+1 4
+2 4
+1 4
+1 4
+1 4
+1 4
+1 4
+1 4
+1 4
+1 4
+1 4
+1 4
+1 4
+1 4
+1 4
+1 4
+1 4
+1 1
+1 1
+1 1
+1 1
+2 1
+1 1
+1 1
+1 1
+1 1
+1 1
-5 1487564
+1 1487564
+1 1487564
+1 1487564
+1 1487564
+1 1487564
+1 1
+1 1
+2 24
+1 24
+1 24
+1 24
+1 24
+1 3
+2 15619396
+1 15619396
+1 3
+2 3
+1 3
+2 3
+18 15619393
+1 15619393
+1 15619393
+1 15619393
+1 15619393
+2 3
+1 3

fl=(142) /build/eglibc-oGUzwX/eglibc-2.19/stdlib/exit.c
fn=(768) exit
104 1
-1 1
+1 2
cfn=(770) __run_exit_handlers
calls=1 -69 
* 2907

fn=(770)
35 8
+5 1
cfi=(135)
cfn=(644)
calls=1 +42 
* 24
* 1
+6 8
+4 6
+3 1
-1 1
+2 5
+33 1
+1 1
-1 1
+1 1
+6 2
+1 5
cfi=(111)
cfn=(834) _IO_cleanup
calls=1 1010 
* 138
* 3
+2 2
cfi=(146) /build/eglibc-oGUzwX/eglibc-2.19/posix/../sysdeps/unix/sysv/linux/_exit.c
cfn=(838) _Exit
calls=1 -69 
* 5
-19 1
+4 2
-2 2
+2 1
cob=(1)
cfi=(143) /build/eglibc-oGUzwX/eglibc-2.19/elf/dl-fini.c
cfn=(772) _dl_fini
calls=1 +49 
* 2686
+1 1

fl=(41) /build/eglibc-oGUzwX/eglibc-2.19/csu/../sysdeps/x86_64/multiarch/init-arch.c
fn=(172) __init_cpu_features
54 1
-9 1
+9 1
+3 1
-3 1
+3 5
+95 2
+1 7
+7 3
+4 2
+2 3
+18 2
+5 1
+1 1
+2 1
+1 2
-9 4
+1 5
+1 2
-16 2
+1 1
+2 2
+3 2
31 2
+6 1
-6 1
+7 1
-1 1
+28 1
-27 1
+27 1
-28 1
+2 1
-1 1
+1 1
+26 1
+1 1
-35 4
+35 1
+5 1
-12 1
+12 1
+3 12
+27 1
-42 1
+42 1
+22 1
-64 1
+68 1

fl=(81) /build/eglibc-oGUzwX/eglibc-2.19/elf/dl-addr.c
fn=(344) _dl_addr
126 9
+5 1
-5 2
+5 2
cob=(4)
cfi=(82)
cfn=(346)
calls=1 -68 
* 33
+2 2
cob=(1)
cfi=(83) /build/eglibc-oGUzwX/eglibc-2.19/elf/dl-open.c
cfn=(354) _dl_find_dso_for_object
calls=1 +49 
* 39
cob=(1)
cfi=(52)
cfn=(220)
calls=1 -99 
* 1254
* 5
+2 2
30 1
+1 1
-1 1
+1 1
+3 2
+5 1
+6 1
-7 1
+2 2
+2 1
-2 1
+2 1
+3 1
+5 7
+2 1
+1 2
-1 1010
+1 2020
+2 4930
+6 11075
+2 8860
+1 16270
+7 2215
-2 2215
+2 5441
-21 2022
+49 3
+1 1
+1 3
+3 2
+37 3
cob=(4)
cfi=(84)
cfn=(356)
calls=1 41 
* 27
+3 9
-28 1
+1 1
+21 2

fl=(86) /build/eglibc-oGUzwX/eglibc-2.19/misc/sbrk.c
fn=(368) sbrk
34 2
+8 2
-8 6
+8 9
+4 4
+4 4
+3 1
cfi=(87) /build/eglibc-oGUzwX/eglibc-2.19/misc/../sysdeps/unix/sysv/linux/x86_64/brk.c
cfn=(370) brk
calls=1 -22 
* 13
* 2
+4 10
-14 2
cfi=(87)
cfn=(370)
calls=1 -12 
* 13
* 4

fl=(110) /build/eglibc-oGUzwX/eglibc-2.19/libio/iofopen.c
fn=(540) __fopen_maybe_mmap
42 4
-2 4
+2 4
+15 4

fn=(508) __fopen_internal
65 24
+8 4
-8 8
+8 4
cfi=(78)
cfn=(360)
calls=4 2876 
* 3100
cob=(1)
cfi=(52)
cfn=(220)
calls=1 -39 
* 670
* 8
+2 4
-2 4
+2 4
+3 4
+3 20
-3 4
+3 4
cfi=(111)
cfn=(522) _IO_no_init
calls=4 643 
* 232
+4 4
+1 4
-1 4
+1 4
cfi=(112)
cfn=(526) _IO_file_init@@GLIBC_2.2.5
calls=4 +57 
* 528
+4 20
cfi=(112)
cfn=(534) _IO_file_fopen@@GLIBC_2.2.5
calls=4 254 
* 624
* 4
+1 4
-1 4
+6 20
-5 4
cfn=(540)
calls=4 -49 
* 16

fn=(506) fopen@@GLIBC_2.2.5
103 8
cfn=(508)
calls=4 -38 
* 5334

fl=(119) /build/eglibc-oGUzwX/eglibc-2.19/string/../sysdeps/x86_64/memchr.S
fn=(568) memchr
25 3
+1 3
+2 3
+1 3
+1 3
+1 3
+2 3
+1 3
+2 3
+1 3
+2 3
+1 3
+1 3
+1 3
+2 3
+1 3
+1 3
+1 3
+1 3
+1 3
+1 3
+1 3
+1 3
+1 3
+35 3
+1 3
+1 3
+1 3
+1 3
255 3
+1 3
+1 3

fl=(66)
fn=(272)
31 25
+2 5
-2 10
+2 15
+2 25

fl=(146)
fn=(838)
28 2
+4 1
+2 2

fl=(115) /build/eglibc-oGUzwX/eglibc-2.19/string/../string/strstr.c
fn=(538) __GI_strstr
53 32
+10 27
-5 6
+5 9
+1 18
-1 6
+1 12
-1 12
+2 8
+1 4
+23 32
-26 1
-5 2

fl=(56)
fn=(244)
42 1
+2 1
-2 1
+5 5
cfi=(57) /build/eglibc-oGUzwX/eglibc-2.19/nptl/../nptl/sysdeps/unix/sysv/linux/register-atfork.c
cfn=(246) __register_atfork
calls=1 +39 
* 50
* 1
+19 2
+2 1
+1 2
+1 1
-4 3
+2 53
+1 106
+1 53
-4 159
+12 1
-6 1
+6 2

fl=(111)
fn=(548) __uflow
363 3
+2 3
-2 3
+2 6
+6 15
+3 6
+2 6
+6 6
+7 6
+1 3
-1 6
cfn=(550) _IO_default_uflow
calls=3 +45 
* 579
-24 6
+22 9

fn=(550)
434 3
+1 3
-1 3
+1 3
cfi=(112)
cfn=(552) _IO_file_underflow@@GLIBC_2.2.5
calls=3 552 
* 543
+1 6
+2 12
+1 6

fn=(554) _IO_doallocbuf
414 12
+1 4
-1 4
+1 4
+6 16
-4 12
+1 12
cfi=(118)
cfn=(556)
calls=4 96 
* 332
* 8

fn=(528) _IO_link_in
99 32
+1 24
+4 4
-2 8
+2 8
+1 44
+2 4
-2 4
+1 4
+1 4
-2 4
+2 4
-2 4
+2 60
+2 4
-2 4
+4 4
+2 4
-3 4
-1 4
+4 28
+2 4
-1 4
+1 36
+1 8
+3 16
-3 24
cob=(4)
cfi=(113)
cfn=(532)
calls=4 -48 
* 32
+3 16
-15 28
cob=(4)
cfi=(113)
cfn=(530)
calls=4 -74 
* 56
* 4
+9 32

fn=(560)
399 55
+1 52
+3 11
+2 44
-3 11
+3 22
+3 44
-7 28
cfi=(91)
cfn=(518)
calls=4 81 
* 20
* 16

fn=(562) _IO_switch_to_get_mode
182 3
+1 3
-1 3
+1 6
+3 9
+5 3
-1 6
+1 3
+7 3
-4 3
+2 6
+2 3
+1 3
+1 6

fn=(592) _IO_un_link
60 48
+1 24
+4 12
+1 44
+2 4
-2 4
+1 4
+1 29
+2 12
+2 8
+6 6
+1 7
-1 3
+7 4
+2 4
-2 4
+2 7
+2 4
-1 4
+1 28
+1 8
+3 32
-3 24
cob=(4)
cfi=(113)
cfn=(532)
calls=4 -22 
* 32
+3 16
-28 28
cob=(4)
cfi=(113)
cfn=(530)
calls=4 -35 
* 56
* 4
+22 7
-9 1
+3 1
+1 1
-1 1
+2 1
-2 1
+1 1
-1 1
+2 1
-9 2
+1 2
-1 4
+4 2

fn=(596) _IO_unsave_markers
1119 4
+2 4
-2 4
+2 4
+19 12
+2 8

fn=(606) _IO_default_finish
686 8
+2 12
+6 12
+3 12
+6 4
+6 4
-6 4
cfn=(592)
calls=4 60 
* 40

fn=(722) _IO_default_xsputn
447 6877
+4 6877
-1 6877
-3 34385
+3 34385
+20 82524
+5 26
-1 3
+1 1
-1 1
+1 1
-1 1
+1 20631
+3 6877
+2 13754
-25 27508
+2 20631
+3 13754
+24 13754
+1 41262
-11 13742
+1 20613
-1 13742
+1 78786
-1 59395

fn=(524) _IO_old_init
626 7
-16 7
+1 7
+15 7
+5 7
-21 7
+2 7
+1 7
+1 7
+17 7
-16 7
+1 7
+1 7
+1 7
+1 7
+1 7
+2 7
+1 7
+1 7
+1 7
+6 7
+1 19

fn=(582) _IO_sputbackc
726 6
+3 6
-3 6
+3 12
+1 12
+9 6
+3 12
-10 6
+1 6
-1 12

fn=(522)
643 63
+1 7
cfn=(524)
calls=7 -18 
* 166
+3 7
-2 7
+2 7
+2 4
+1 4
+1 4
+1 4
+1 4
+1 4
+1 4
+1 4
+1 4
+1 4
+1 4
+1 4
+2 4
+7 4
+1 24
-1 3
+1 18
-3 6

fn=(834)
1010 1
+3 1
-3 2
-48 1
+48 2
+3 1
cfn=(836) _IO_flush_all_lockp
calls=1 822 
* 88
-63 1
+63 1
-63 3
+2 9
+2 2
-1 4
+3 3
+34 3
-40 9
+75 7

fn=(836)
822 3
+6 1
-6 5
+6 2
+6 1
-11 1
+10 1
+2 2
+4 2
-1 3
-1 3
+1 3
+3 9
+10 6
+4 3
-2 3
+2 6
+7 3
-27 6
+31 2
+2 2
+4 9
-31 12

fl=(137) /build/eglibc-oGUzwX/eglibc-2.19/nptl/../nptl/sysdeps/unix/sysv/linux/x86_64/cancellation.S
fn=(700) __libc_disable_asynccancel
90 6878
+1 6878
+2 6878
+1 6878
+1 6878
+1 6878
+2 6878
+2 6878
+1 6878
+1 6878
+1 6878
+1 6878

fn=(694) __libc_enable_asynccancel
57 6878
+1 6878
+1 6878
+1 6878
+1 6878
+2 6878
+2 6878
+2 6878
+1 6878
+1 6878
+2 6878

fl=(144)
fn=(800)
31 6
+17 2
-17 10
+4 8
+4 12
-4 6
+32 8
+4 12
-4 6
+12 4
+3 2
-2 2
+2 12
-2 2
cfi=(145) /build/eglibc-oGUzwX/eglibc-2.19/nptl/../nptl/sysdeps/unix/sysv/linux/unregister-atfork.c
cfn=(802) __unregister_atfork
calls=2 -44 
* 38

fl=(65) /build/eglibc-oGUzwX/eglibc-2.19/string/../sysdeps/x86_64/strrchr.S
fn=(270) rindex
24 1
+1 1
+1 1
+1 1
+1 1
+1 1
+1 1
+1 1
+1 1
+1 1
+1 1
+1 1
+1 1
+1 1
+1 1
+1 1
+1 1
+1 1
+1 1
+1 1
+1 1
169 1
+1 1

fl=(121) /build/eglibc-oGUzwX/eglibc-2.19/stdio-common/sscanf.c
fn=(572) sscanf
27 21
+4 3
+1 3
-1 15
+1 3
cfi=(122) /build/eglibc-oGUzwX/eglibc-2.19/libio/iovsscanf.c
cfn=(574) vsscanf
calls=3 +3 
* 4497
+4 6

fl=(96) /build/eglibc-oGUzwX/eglibc-2.19/stdlib/rand.c
fn=(420) rand
26 2975130
+1 2975130
cfi=(94) /build/eglibc-oGUzwX/eglibc-2.19/stdlib/random.c
cfn=(422) random
calls=2975130 293 
* 127834618
+1 5950260

fl=(106)
fn=(496)
32 24
+1 6
-1 6
+1 12
fi=(107) /build/eglibc-oGUzwX/eglibc-2.19/posix/../sysdeps/unix/sysv/linux/x86_64/../sysconf.c
+38 30
+35 3
-35 3
fi=(108) /build/eglibc-oGUzwX/eglibc-2.19/posix/../sysdeps/posix/sysconf.c
-19 36
fi=(107)
+19 6
fe=(106)
-34 30
fi=(108)
213 3
cfi=(102)
cfn=(448)
calls=3 29 
* 15
* 6
632 3
cfi=(109) /build/eglibc-oGUzwX/eglibc-2.19/misc/../sysdeps/unix/sysv/linux/getsysstats.c
cfn=(502) get_phys_pages
calls=3 340 
* 12704
* 6
fe=(106)

fl=(94)
fn=(410) srand
210 2
+1 6
+1 3
cfi=(95)
cfn=(412)
calls=1 -48 
* 10520
+1 4
+1 2

fn=(422)
293 2975130
+3 17850780
+2 8925390
cfi=(95)
cfn=(414)
calls=2975130 +68 
* 77257408
+2 11900520
+2 2975130
+1 5950260

fl=(42) /build/eglibc-oGUzwX/eglibc-2.19/time/../sysdeps/unix/sysv/linux/x86_64/time.c
fn=(174) time
37 1
-1 1
fi=(43)
+8 1
fe=(42)
-7 2
fi=(43)
+8 1
fe=(42)
-8 1
fi=(43)
+6 1
+5 3
+1 2
+13 2
-17 3
+3 9
+1 6
+13 6
-17 9
+22 1
fe=(42)
-30 2
+3 2
-3 1
+3 1
cfi=(44)
cfn=(178)
calls=1 -13 
* 7
* 3
+1 3

fl=(93) /build/eglibc-oGUzwX/eglibc-2.19/rt/../sysdeps/unix/clock_gettime.c
fn=(402) clock_gettime
93 1
+22 5
cfi=(91)
cfn=(404)
calls=1 -53 
* 3
* 2
+19 2

fl=(67) /build/eglibc-oGUzwX/eglibc-2.19/string/../sysdeps/x86_64/multiarch/../cacheinfo.c
fn=(276) handle_intel
306 4
-1 4
+17 2
-17 12
+14 2
+1 4
-3 6
+23 10
cfn=(278) intel_check_word
calls=2 162 
* 636
+1 4
+3 10
cfn=(278)
calls=2 162 
* 167
+1 4
-17 4
+5 2
-5 4
+5 2
+2 2
+1 2
-1 4
+27 16

fn=(274) init_cacheinfo
550 1
+13 1
-13 1
+13 1
-13 1
+13 1
+7 2
+2 3
cfn=(276)
calls=1 306 
* 431
+4 2
-4 1
+4 1
cfn=(276)
calls=1 306 
* 470
+2 1
-2 1
-1 1
+3 1
+29 1
-18 1
+18 3
+7 2
+9 20
-9 12
+6 6
-6 3
+6 2
+49 4
+75 2
+2 1
+1 1
+2 1
-3 1
+5 1
-5 1
+4 3
+4 2
+2 1
+1 1
+2 1
-3 1
+5 1
+2 1
-7 1
+4 2
+3 1
-3 1
+3 2
-93 5
-45 2
+6 5
+7 2
+4 4
+2 4
-6 4
+4 1
-2 1
+2 1
-4 3
+4 1
-2 1
+2 1
+15 2
-8 1
+2 2
+1 1
-1 2
+1 1
+1 1

fn=(278)
162 8
+6 4
-7 8
+7 8
-7 4
+7 8
-7 4
+7 4
+2 4
-2 4
+2 12
+2 4
+2 8
-2 6
+2 12
+8 20
+53 16
fi=(68) /build/eglibc-oGUzwX/eglibc-2.19/string/../bits/stdlib-bsearch.h
27 8
+1 16
+3 16
+1 8
fe=(67)
150 16
fi=(68)
31 12
+1 6
fe=(67)
150 12
+3 54
fi=(68)
29 46
+2 46
-2 46
+2 80
+1 40
fe=(67)
150 80
295 8
170 16
-6 2
300 16
fi=(68)
37 8
-8 18
fe=(67)
194 10
+5 10
-5 14
+34 3
-34 15
+5 6
+4 8
+7 8
+3 2
+2 4
-10 2
-2 2
+2 3
+12 2
+2 2
+1 2
-3 2
+2 2
-1 2
-1 2
+2 2
-1 6
+1 2
-2 4

fl=(140) /build/eglibc-oGUzwX/eglibc-2.19/string/../sysdeps/x86_64/strchr.S
fn=(714) strchrnul
24 5950252
+1 5950252
+1 5950252
+1 5950252
+1 5950252
+1 5950252
+1 5950252
+1 5950252
+1 5950252
+1 5950252
+1 5950252
+1 5950252
+1 5950252
+1 5950252
+1 5950252
+1 5950252
+1 5950252
+1 5950252
+2 5950252
+7 5950252

fl=(109)
fn=(502)
340 6
cfn=(504) phys_pages_info
calls=3 -49 
* 12698

fn=(504)
291 3
+5 3
-5 6
+5 3
-5 9
+2 3
+3 3
cfi=(110)
cfn=(506)
calls=3 103 
* 4782
+1 3
-1 3
+1 3
+3 6
+2 3
+6 3
-1 3
+1 15
cfi=(121)
cfn=(572)
calls=3 27 
* 4548
* 6
-1 12
cfi=(116) /build/eglibc-oGUzwX/eglibc-2.19/libio/iofgets_u.c
cfn=(542) fgets_unlocked
calls=3 40 
* 1218
* 6
+7 6
cfi=(129) /build/eglibc-oGUzwX/eglibc-2.19/libio/iofclose.c
cfn=(590) fclose@@GLIBC_2.2.5
calls=3 40 
* 1970
+3 9
+5 18
-12 3
cfi=(102)
cfn=(448)
calls=3 29 
* 15
* 33
+1 3

fl=(112)
fn=(594) _IO_file_close_it@@GLIBC_2.2.5
158 12
+2 4
-2 4
+2 8
+4 4
+3 4
-3 4
-1 8
+6 4
+3 4
-3 4
cfi=(111)
cfn=(596)
calls=4 1119 
* 36
+3 8
+4 12
+9 20
cfi=(111)
cfn=(560)
calls=4 399 
* 156
+1 8
+3 4
-3 4
+1 12
+2 4
cfi=(111)
cfn=(592)
calls=4 60 
* 40
+5 8
-4 4
+1 4
+1 4
+2 4
+1 16
-23 12
cfn=(598) _IO_file_close
calls=4 1245 
* 28
* 8
-7 7
cfn=(720) _IO_do_write@@GLIBC_2.2.5
calls=1 509 
* 124
* 2

fn=(604) _IO_file_finish@@GLIBC_2.2.5
202 4
+1 4
-1 4
+1 4
+6 8
+1 4
-1 4
cfi=(111)
cfn=(606)
calls=4 686 
* 96

fn=(716) _IO_file_xsputn@@GLIBC_2.2.5
1281 8925378
+7 8925378
-7 62477646
+6 17850756
+7 35701512
+17 23801008
+1 11897638
+3 23795276
+5 23795276
cfi=(141) /build/eglibc-oGUzwX/eglibc-2.19/string/../sysdeps/x86_64/memcpy.S
cfn=(724) __GI_mempcpy
calls=5948819 61 
* 122131057
* 5948819
+6 5948819
-1 5948819
+1 11897638
+2 17846457
+27 11900504
+1 71403024
-45 2866
+17 4299
+4 27508
cfn=(718) _IO_file_overflow@@GLIBC_2.2.5
calls=6877 824 
* 1004060
* 13754
+6 13754
+1 41262
+2 20631
+11 13754
+1 27508
cfi=(111)
cfn=(722)
calls=6877 447 
* 516407
* 13754

fn=(726) _IO_file_write@@GLIBC_2.2.5
1254 48139
+2 34385
+11 6877
+1 6877
-12 13754
+5 6877
-1 20631
+1 13754
cfi=(114)
cfn=(728) write
calls=6877 81 
* 261326
+1 13754
+9 20631
+3 61893

fn=(598)
1245 8
cfi=(114)
cfn=(600) __close_nocancel
calls=4 81 
* 20

fn=(718)
824 27508
+1 20631
+7 48135
+35 13754
-32 2
+12 2
+9 4
+8 1
-4 1
+3 2
-2 2
-3 1
+1 2
+5 1
-1 1
+1 3
+4 6877
+1 6877
+11 20631
-12 6877
cfn=(720)
calls=6877 509 
* 852639
-31 2
cfi=(111)
cfn=(554)
calls=1 414 
* 101
+1 6

fn=(534)
254 36
+11 8
+2 22
+9 1
-2 1
+1 3
-20 1
+37 4
-17 6
-20 3
+37 71
-2 12
+43 4
224 4
+1 8
-1 4
+4 1
cfi=(114)
cfn=(690) open
calls=1 81 
* 38
* 1
+4 8
+3 4
-1 4
+1 8
+1 8
-1 4
+1 4
+7 8
cfi=(111)
cfn=(528)
calls=4 99 
* 44
353 12
cfi=(115)
cfn=(538)
calls=4 53 
* 169
+1 4
-1 4
+1 4
-62 18
+32 3
-2 3
+2 3
+1 3
-7 6
+1 3
-48 3
-1 3
-15 6
431 4
-77 4
+77 28
225 3
cfi=(114)
cfn=(536)
calls=3 81 
* 15
* 6

fn=(552)
552 12
+8 9
+6 9
+3 6
+13 6
+20 6
cfi=(111)
cfn=(562)
calls=3 182 
* 60
+6 3
+5 12
-5 6
+1 3
+2 3
-1 6
+3 3
cfn=(564) _IO_file_read
calls=3 1204 
* 39
+2 6
+10 3
-3 3
+3 6
+2 6
+1 12
-56 9
+5 6
cfi=(111)
cfn=(554)
calls=3 414 
* 303
* 6

fn=(720)
509 6878
+2 6878
-2 34390
+2 13756
+1 6
+11 27508
+7 27508
+8 34385
cfn=(726)
calls=6877 1254 
* 508898
* 6877
+1 20631
+6 6877
-4 6877
+4 6877
-4 20631
+1 13754
+3 13754
-34 13754
+32 6877
-32 6877
+1 27508
-1 6877
+1 13754
+32 20631

fn=(526)
143 4
+4 4
-4 12
+5 4
-1 4
+3 4
cfi=(111)
cfn=(528)
calls=4 -51 
* 476
+1 4
+1 16

fn=(558)
1222 4
+1 12
cfi=(90) /build/eglibc-oGUzwX/eglibc-2.19/io/../sysdeps/unix/sysv/linux/wordsize-64/fxstat.c
cfn=(388) _fxstat
calls=4 34 
* 40

fn=(564)
1204 6
-3 3
+2 6
cfi=(114)
cfn=(566)
calls=3 81 
* 15
+2 3
-1 3
+1 3

fl=(54)
fn=(232)
81 4
+1 1

fl=(55)
fn=(238)
48 2
+1 1

fl=(145)
fn=(802)
36 2
-8 4
+11 4
+1 12
+5 2
-6 4
+6 2
-6 4
+82 4

fl=(57)
fn=(358) __linkin_atfork
116 2
+1 6
+2 1

fn=(246)
86 1
+2 1
-2 5
+2 1
-2 1
+2 4
-44 2
+7 2
+1 3
+19 3
+1 1
+1 1
+22 1
+1 1
+1 1
+1 2
+18 2
+1 6
-13 4
+2 2
+1 3
-1 1
+1 2

fl=(102)
fn=(448)
29 56
+2 14

fl=(129)
fn=(590)
40 12
+14 4
-14 4
+14 12
+3 28
+4 3
-3 2
+3 9
-3 6
fi=(130) /build/eglibc-oGUzwX/eglibc-2.19/libio/libioP.h
904 8
+1 15
fe=(129)
63 12
cfi=(112)
cfn=(604)
calls=3 202 
* 96
* 4
cfi=(112)
cfn=(604)
calls=1 202 
* 32
+1 12
+18 24
+2 4
+1 8
cfi=(78)
cfn=(612)
calls=4 2917 
* 733
cob=(1)
cfi=(52)
cfn=(220)
calls=1 -51 
* 654
* 8
+4 20
-10 8
-20 8
cfi=(112)
cfn=(594)
calls=4 +99 
* 585
* 12
-4 4
cfi=(111)
cfn=(592)
calls=4 +5 
* 406
* 12
fi=(130)
905 7
fe=(129)

fl=(122)
fn=(574)
35 3
+6 3
-6 3
+6 3
-6 6
+6 3
-6 6
+6 3
-6 6
+6 3
-2 3
+2 3
cfi=(111)
cfn=(522)
calls=3 643 
* 132
+1 3
+1 12
-1 3
+1 3
cfi=(123)
cfn=(576)
calls=3 -4 
* 240
+1 15
cfi=(125) /build/eglibc-oGUzwX/eglibc-2.19/stdio-common/vfscanf.c
cfn=(580) _IO_vfscanf
calls=3 214 
* 4026
+2 18

fl=(124)
fn=(578)
25 3
+1 3
+2 3
+1 3
+2 3
+1 3
+2 3
+1 3
+2 3
+1 3
+2 3
+1 3
+2 3
+1 3
+1 3
+1 3
+28 3
+1 3
+1 3
+1 3
+1 3
183 3
+1 3
+1 3

fl=(75)
fn=(328)
26 5
+9 5
+1 10
+1 5
+4 5
+1 5
+1 5
+1 5
+1 5
+2 10
+2 5
+1 5
+3 10
+2 5
+9 5
cfi=(76) /build/eglibc-oGUzwX/eglibc-2.19/setjmp/sigjmp.c
cfn=(330) __sigjmp_save
calls=5 -35 
* 45

fl=(139) /build/eglibc-oGUzwX/eglibc-2.19/stdio-common/vfprintf.c
fn=(712) vfprintf
235 32726386
+35 8925378
1295 8925379
+4 14875630
+11 5950252
+11 2975126
fi=(148) /build/eglibc-oGUzwX/eglibc-2.19/stdio-common/printf-parse.h
108 5950252
fe=(139)
1321 14875630
fi=(148)
108 2975126
cfi=(140)
cfn=(714)
calls=2975126 -84 
* 59502520
fe=(139)
1336 2975126
fi=(148)
108 2975126
fe=(139)
1332 2975126
+4 5950252
+4 20825882
cfi=(112)
cfn=(716)
calls=2975126 -59 
* 56527394
* 8925378
2098 14875630
+3 2975126
+1 23801008
1295 5950250
+41 11900504
+1 47602016
2098 17850756
+1 26776134
cob=(4)
cfi=(113)
cfn=(532)
calls=2975126 68 
* 23801008
* 2975126
1336 20825882
cob=(4)
cfi=(113)
cfn=(530)
calls=2975126 30 
* 41651764
+1 5950252
+3 5950252
+4 2975126
-4 2975126
+4 5950252
+4 20825882
283 2975126
-6 2975126
-3 2975126
1325 2975126
-8 2975126
240 2975126
1396 23801008
-3 2975126
-1 2975126
-17 2975126
+1 2975126
+1 2975126
+1 2975126
+1 2975126
+1 2975126
+1 2975126
+1 2975126
+1 2975126
+1 2975126
+1 2975126
+3 2975126
+1 2975126
1580 5950252
-21 8925378
1396 26776134
2091 5950252
+2 5950252
+2 5950252
1680 5950252
+8 2975126
fi=(148)
108 5950252
fe=(139)
1688 2975126
fi=(148)
108 2975126
fe=(139)
1688 2975126
fi=(148)
108 2975126
cfi=(140)
cfn=(714)
calls=2975126 -84 
* 59502520
fe=(139)
1692 2975126
-4 2975126
+4 26776134
cfi=(112)
cfn=(716)
calls=2975126 1281 
* 199405766
* 2975126
-10 2975126
+10 32726386
+2 2975126
-2 2975126
+2 2975126
-33 62477646
cfi=(112)
cfn=(716)
calls=2975126 1281 
* 215961402
* 111468960

fl=(85)
fn=(366)
46 2
+1 2
cfi=(86)
cfn=(368)
calls=2 -13 
* 72
+2 6
+3 6

fl=(87)
fn=(370)
31 2
-3 2
+3 14
+8 2
-6 4
+7 2

fl=(120)
fn=(570)
61 4289113
+2 4289113
+2 4289113
+3 4052525
+1 4052525
+2 3
+1 3
+2 3
+1 3
+5 3
+1 3
-1 4052522
+1 4052522
+2 3
+1 3
+2 3
+1 6
+5 3
+1 3
-1 4052522
+1 4052522
+11 4052525
+1 4052525
+2 2768403
+1 2768403
+2 2768403
+1 2768403
+5 2768403
+1 2768403
-1 1284122
+1 3139258
+5 1855136
+1 1855136
+1 1855136
+1 1855136
+2 1855136
+2 1855136
+1 1855136
+2 1855136
-10 893
+1 893
+1 893
+1 893
+2 893
+2 893
+1 893
+2 893
+8 4052525
+8 997913
+6 997913
+2 997913
+1 997913
+26 997913
+1 997913
+3 965149
+1 965149
+1 965149
+5 1905829
+2 1905829
+1 1905829
+1 1905829
+1 1905829
+2 1905829
+1 1905829
+1 1905829
+1 1905829
+2 1905829
+1 1905829
+2 1905829
+2 1201274
+2 1201274
+1 1201274
+1 1201274
+1 1201274
+2 1201274
+1 1201274
+1 1201274
+1 1201274
+2 1201274
+1 1201274
+2 1461868
+5 260594
+6 260594
+1 260594
-7 704555
+6 704555
+1 704555
+2 205608
+17 32764
+1 32764
+1 32764
+5 32764
+1 32764
+4 32764
+1 32764
+2 16088520
+1 32764
+6 32764
+1 32764
+1 32764
+3 30720
+6 30720
+1 30720
+2 30720
+13 2044
+1 2044
+1 2044
+3 2044
+1 2044
+1 2044
+1 2044
+2 2044
+2 2044
+2 2044
+2 2044
+3 2044
+1 2044
+69 1029695
+2 1029695
+1 1029695
+1 1029695
+1 1029695
+1 1029695
+1 1029695
+1 1029695
+1 1029695
+2 1029695
+1 1029695
+2 1029695
+1 1029695
+1 1029695
+1 1029695
+1 1029695
+1 1029695
+1 1029695
+1 1029695
+2 1029695
+1 1029695
+2 1029695
+2 1028697
+2 1028697
+1 1028697
+1 1028697
+1 1028697
+1 1028697
+1 1028697
+1 1028697
+1 1028697
+2 1028697
+1 1028697
+2 1028697
+1 1028697
+1 1028697
+1 1028697
+1 1028697
+1 1028697
+1 1028697
+1 1028697
+2 1028697
+1 1028697
+2 1028697
+3 2044
+2 2044
+2 2044
+2 2044
+6 2044
+1 2044
+1 2044
+2 2016
+6 2016
+1 2016
+2 259
+13 28
+1 28
+1 28
+2 28
+2 28
+2 56
+6 28
+1 28
+2 28
+2 28
+1 28
+1 28
+1 28
+1 28
+1 28
+1 28
+1 28
+2 28
+1 28
+1 28
+1 28
+1 28
+1 28
+1 28
+1 28
+2 28
+1 28
+1 28
+1 28
+1 28
+1 28
+1 28
+1 28
+2 28
+1 28
+1 28
+1 28
+1 28
+1 28
+1 28
+1 28
+2 28
+1 28
+2 28
-44 382180
+1 382180
+2 382180
+2 382180
+1 382180
+1 382180
+1 382180
+1 382180
+1 382180
+1 382180
+1 382180
+2 382180
+1 382180
+1 382180
+1 382180
+1 382180
+1 382180
+1 382180
+1 382180
+2 382180
+1 382180
+1 382180
+1 382180
+1 382180
+1 382180
+1 382180
+1 382180
+2 382180
+1 382180
+1 382180
+1 382180
+1 382180
+1 382180
+1 382180
+1 382180
+2 382180
+1 382180
+2 382180
+2 28
+2 28
+2 28
+2 28
+4 28
+6 28
+1 28
+2 1

fl=(98) /build/eglibc-oGUzwX/eglibc-2.19/string/../sysdeps/x86_64/multiarch/memcpy.S
fn=(432) memcpy@@GLIBC_2.14
32 1
+1 1
+2 1
+1 1
+1 1
+1 1
+1 1

fl=(128)
fn=(588)
232 24
+26 3
-12 3
-14 3
+26 3
+22 3
-1 3
+10 12
+9 18
+2 6
+5 6
+5 3
-6 3
+6 3
+4 6
+10 6
+7 9
-79 3
376 3
+3 6
+59 3
-59 3
+1 6
+4 3
-4 3
+58 3
+2 6
+16 3
-74 3
+1 3
+57 3
+38 3
-22 3
-14 9
-2 36
-2 18
+4 18
-2 18
+2 36
+28 63
+3 84
+5 21
-40 21
+41 42
-41 66
+46 6
+5 9
+1 3
+5 6
+3 9
334 15
496 9
+35 3
-18 3
+18 21

fl=(135)
fn=(644)
82 15
+1 10
cob=(1)
cfi=(36)
cfn=(650)
calls=5 770 
* 55
cob=(1)
cfi=(52)
cfn=(220)
calls=1 -49 
* 1105
* 9
* 15
+18 20

fl=(64) /build/eglibc-oGUzwX/eglibc-2.19/misc/init-misc.c
fn=(268) __init_misc
30 4
+1 5
+2 3
cfi=(65)
cfn=(270)
calls=1 -9 
* 23
+4 5
+1 3
+2 4

fl=(76)
fn=(330)
29 10
-1 10
+1 10
+5 15

fl=(131) /build/eglibc-oGUzwX/eglibc-2.19/string/../sysdeps/x86_64/multiarch/../strcmp.S
fn=(628) __strcmp_ssse3
180 61025822
+1 61025822
+2 61025822
+1 61025822
+21 61025822
+1 61025822
+1 46747772
+1 46747772
+1 36057255
+1 36057255
+1 36057255
+1 36057255
+21 36057255
+1 36057255
+1 36057255
+1 36057255
+1 36057255
+1 36057255
+1 36057255
+5 40481
+1 40481
+9 40481
+1 40481
+1 40481
+1 40481
+1 40481
+1 40481
+1 40481
+1 40481
-7 24968567
+1 24968567
+1 24968567
+1 24968567
+1 24968567
+1 24968567
+1 24968567
+1 24968567
+1 21288231
+1 10731474
+1 10731474
+1 10731474
+2 10731474
+1 10731474
+1 10731474
+1 10731474
+1 10731474
+1 10731474
-5 10556757
+1 10556757
+1 10556757
+1 10556757
+1 10556757
+1 10556757
+10 3720817
+1 3720817
+1 3720817
+2 3720817
+6 3720817
+1 3720817
+1 3720817
+1 3720817
+1 3720817
+5 3720817
+2 1575554
+1 1575554
+1 3151108
+8 1575554
+1 1575554
+3 1575554
+1 1575554
+1 1575554
+1 1575554
+1 1575554
+1 1575554
+6 1054
+1 1054
+1 1054
+3 1054
+1 1054
+1 1054
+1 1054
+1 1054
+1 1054
+15 90339
+1 90339
+1 90339
+1 90339
+1 90339
+2 90339
+1 90339
+1 90339
+1 90339
+1 90339
+1 90339
+1 90339
+1 61611
+3 61611
+1 61611
+1 61611
+6 61611
+1 61611
+1 123222
+4 61611
+1 61611
+3 61309
+1 61309
+1 61309
+7 61309
+4 61309
+1 61309
+1 61309
+1 61309
+1 61309
+1 61309
+46 305
+1 305
+1 305
+1 305
+7 3
+1 3
+1 3
+8 302
+1 302
+1 302
+1 302
+9 254935
+1 254935
+1 254935
+1 254935
+1 254935
+2 254935
+1 254935
+1 254935
+1 254935
+1 254935
+1 254935
+1 254935
+1 162088
+3 162088
+1 162088
+1 162088
+6 162088
+1 162088
+1 324176
+4 162088
+1 162088
+3 160857
+1 160857
+1 160857
+7 160857
+4 160857
+1 160857
+1 160857
+1 160857
+1 160857
+1 160857
+44 1252
+1 1252
+1 1252
+1 1252
+7 21
+1 21
+1 21
+4 1231
+1 1231
+1 1231
+1 1231
+9 414543
+1 414543
+1 414543
+1 414543
+1 414543
+2 414543
+1 414543
+1 414543
+1 414543
+1 414543
+1 414543
+1 414543
+1 227511
+4 227511
+1 227511
+1 227511
+6 227511
+1 227511
+1 455022
+4 227511
+1 227511
+3 225568
+1 225568
+1 225568
+7 225568
+4 225568
+1 225568
+1 225568
+1 225568
+1 225568
+1 225568
+7 198
+1 198
+2 198
+1 198
+2 198
+1 198
+1 198
+7 198
+4 198
+1 198
+1 198
+1 198
+1 198
+1 198
+13 1997
+1 1997
+1 1997
+1 1997
+7 54
+1 54
+1 54
+4 1943
+1 1943
+1 1943
+1 1943
+9 617007
+1 617007
+1 617007
+1 617007
+1 617007
+2 617007
+1 617007
+1 617007
+1 617007
+1 617007
+1 617007
+1 617007
+1 308167
+4 308167
+1 308167
+1 308167
+6 308167
+1 308167
+1 616334
+4 308167
+1 308167
+3 305553
+1 305553
+1 305553
+7 305553
+4 305553
+1 305553
+1 305553
+1 305553
+1 305553
+1 305553
+7 23
+1 23
+2 23
+1 23
+2 23
+1 23
+1 23
+7 23
+4 23
+1 23
+1 23
+1 23
+1 23
+1 23
+13 2707
+1 2707
+1 2707
+1 2707
+7 93
+1 93
+1 93
+4 2614
+1 2614
+1 2614
+1 2614
+9 852565
+1 852565
+1 852565
+1 852565
+1 852565
+2 852565
+1 852565
+1 852565
+1 852565
+1 852565
+1 852565
+1 852565
+1 395615
+4 395615
+1 395615
+1 395615
+6 395615
+1 395615
+1 791230
+4 395615
+1 395615
+3 392253
+1 392253
+1 392253
+7 392253
+4 392253
+1 392253
+1 392253
+1 392253
+1 392253
+1 392253
+44 3532
+1 3532
+1 3532
+1 3532
+7 170
+1 170
+1 170
+4 3362
+1 3362
+1 3362
+1 3362
+9 1148198
+1 1148198
+1 1148198
+1 1148198
+1 1148198
+2 1148198
+1 1148198
+1 1148198
+1 1148198
+1 1148198
+1 1148198
+1 1148198
+1 524737
+4 524737
+1 524737
+1 524737
+6 524737
+1 524737
+1 1049474
+4 524737
+1 524737
+3 520551
+1 520551
+1 520551
+7 520551
+4 520551
+1 520551
+1 520551
+1 520551
+1 520551
+1 520551
+7 120
+1 120
+2 120
+1 120
+2 120
+1 120
+1 120
+7 120
+4 120
+1 120
+1 120
+1 120
+1 120
+1 120
+13 4543
+1 4543
+1 4543
+1 4543
+7 357
+1 357
+1 357
+4 4186
+1 4186
+1 4186
+1 4186
+9 1459493
+1 1459493
+1 1459493
+1 1459493
+1 1459493
+2 1459493
+1 1459493
+1 1459493
+1 1459493
+1 1459493
+1 1459493
+1 1459493
+1 629520
+4 629520
+1 629520
+1 629520
+6 629520
+1 629520
+1 1259040
+4 629520
+1 629520
+3 624135
+1 624135
+1 624135
+7 624135
+4 624135
+1 624135
+1 624135
+1 624135
+1 624135
+1 624135
+7 88
+1 88
+2 88
+1 88
+2 88
+1 88
+1 88
+7 88
+4 88
+1 88
+1 88
+1 88
+1 88
+1 88
+13 6000
+1 6000
+1 6000
+1 6000
+7 615
+1 615
+1 615
+4 5385
+1 5385
+1 5385
+1 5385
+9 1778853
+1 1778853
+1 1778853
+1 1778853
+1 1778853
+2 1778853
+1 1778853
+1 1778853
+1 1778853
+1 1778853
+1 1778853
+1 1778853
+1 710417
+4 710417
+1 710417
+1 710417
+6 710417
+1 710417
+1 1420834
+4 710417
+1 710417
+3 705211
+1 705211
+1 705211
+7 705211
+4 705211
+1 705211
+1 705211
+1 705211
+1 705211
+1 705211
+7 5
+1 5
+2 5
+1 5
+2 5
+1 5
+1 5
+7 5
+4 5
+1 5
+1 5
+1 5
+1 5
+1 5
+13 6203
+1 6203
+1 6203
+1 6203
+7 997
+1 997
+1 997
+4 5206
+1 5206
+1 5206
+1 5206
+9 1950897
+1 1950897
+1 1950897
+1 1950897
+1 1950897
+2 1950897
+1 1950897
+1 1950897
+1 1950897
+1 1950897
+1 1950897
+1 1950897
+1 685877
+4 685877
+1 685877
+1 685877
+6 685877
+1 685877
+1 1371754
+4 685877
+1 685877
+3 681432
+1 681432
+1 681432
+7 681432
+4 681432
+1 681432
+1 681432
+1 681432
+1 681432
+1 681432
+7 49
+1 49
+2 49
+1 49
+2 49
+1 49
+1 49
+7 49
+4 49
+1 49
+1 49
+1 49
+1 49
+1 49
+13 6212
+1 6212
+1 6212
+1 6212
+7 1767
+1 1767
+1 1767
+4 4445
+1 4445
+1 4445
+1 4445
+9 2039002
+1 2039002
+1 2039002
+1 2039002
+1 2039002
+2 2039002
+1 2039002
+1 2039002
+1 2039002
+1 2039002
+1 2039002
+1 2039002
+1 648518
+4 648518
+1 648518
+1 648518
+6 648518
+1 648518
+1 1297036
+4 648518
+1 648518
+3 645434
+1 645434
+1 645434
+7 645434
+4 645434
+1 645434
+1 645434
+1 645434
+1 645434
+1 645434
+7 97
+1 97
+2 97
+1 97
+2 97
+1 97
+1 97
+7 97
+4 97
+1 97
+1 97
+1 97
+1 97
+1 97
+13 5484
+1 5484
+1 5484
+1 5484
+7 2400
+1 2400
+1 2400
+4 3084
+1 3084
+1 3084
+1 3084
+9 2028756
+1 2028756
+1 2028756
+1 2028756
+1 2028756
+2 2028756
+1 2028756
+1 2028756
+1 2028756
+1 2028756
+1 2028756
+1 2028756
+1 550656
+4 550656
+1 550656
+1 550656
+6 550656
+1 550656
+1 1101312
+4 550656
+1 550656
+3 548940
+1 548940
+1 548940
+7 548940
+4 548940
+1 548940
+1 548940
+1 548940
+1 548940
+1 548940
+44 4499
+1 4499
+1 4499
+1 4499
+7 2783
+1 2783
+1 2783
+4 1716
+1 1716
+1 1716
+1 1716
+9 2093834
+1 2093834
+1 2093834
+1 2093834
+1 2093834
+2 2093834
+1 2093834
+1 2093834
+1 2093834
+1 2093834
+1 2093834
+1 2093834
+1 506380
+4 506380
+1 506380
+1 506380
+6 506380
+1 506380
+1 1012760
+4 506380
+1 506380
+3 505625
+1 505625
+1 505625
+7 505625
+4 505625
+1 505625
+1 505625
+1 505625
+1 505625
+1 505625
+7 119
+1 119
+2 119
+1 119
+2 119
+1 119
+1 119
+7 119
+4 119
+1 119
+1 119
+1 119
+1 119
+1 119
+13 4138
+1 4138
+1 4138
+1 4138
+7 3383
+1 3383
+1 3383
+4 755
+1 755
+1 755
+1 755
+9 2079319
+1 2079319
+1 2079319
+1 2079319
+1 2079319
+2 2079319
+1 2079319
+1 2079319
+1 2079319
+1 2079319
+1 2079319
+1 2079319
+1 406709
+4 406709
+1 406709
+1 406709
+6 406709
+1 406709
+1 813418
+4 406709
+1 406709
+3 406423
+1 406423
+1 406423
+7 406423
+4 406423
+1 406423
+1 406423
+1 406423
+1 406423
+1 406423
+44 3429
+1 3429
+1 3429
+1 3429
+7 3143
+1 3143
+1 3143
+4 286
+1 286
+1 286
+1 286
+9 2226904
+1 2226904
+1 2226904
+1 2226904
+1 2226904
+2 2226904
+1 2226904
+1 2226904
+1 2226904
+1 2226904
+1 2226904
+1 2226904
+1 382376
+4 382376
+1 382376
+1 382376
+6 382376
+1 382376
+1 764752
+4 382376
+1 382376
+3 382245
+1 382245
+1 382245
+7 382245
+4 382245
+1 382245
+1 382245
+1 382245
+1 382245
+1 382245
+7 56
+1 56
+2 56
+1 56
+2 56
+1 56
+1 56
+7 56
+4 56
+1 56
+1 56
+1 56
+1 56
+1 56
+13 3245
+1 3245
+1 3245
+1 3245
+7 3114
+1 3114
+1 3114
+4 131
+1 131
+1 131
+1 131
+9 2253586
+1 2253586
+1 2253586
+1 2253586
+1 2253586
+2 2253586
+1 2253586
+1 2253586
+1 2253586
+1 2253586
+1 2253586
+1 2253586
+2 316442
+4 316442
+1 316442
+1 316442
+6 316442
+1 316442
+2 632884
+4 316442
+1 316442
+3 316439
+1 316439
+1 316439
+7 316439
+4 316439
+1 316439
+1 316439
+1 316439
+1 316439
+1 316439
+44 2903
+1 2903
+1 2903
+1 2903
+7 2900
+1 2900
+1 2900
+4 3
+1 3
+1 6
+5 3
+1 3
+1 3
+1 6
+4 3
+2 3
+1 3
+1 3
+1 3
-12 34646
+1 34646
+1 34646
+1 69292
+4 34646
+2 34646
+1 34646
+1 34646
+1 34646
-5 8057529
+2 8057529
+1 8057529
+1 8057529
+1 8057529
-3 16916870
+1 16916870
+1 16916870
+1 16916870
+1 21462948
+5 10731474
+6 10731474
+1 10731474
+8 10731474
+1 10731474
-16 50294348
+6 50294348
+1 50294348
+8 50294348
+1 50294348

fl=(73) /build/eglibc-oGUzwX/eglibc-2.19/stdlib/cxa_atexit.c
fn=(308) __cxa_atexit
57 6
-22 2
cfn=(310) __new_exitfn
calls=1 +38 
* 38
+2 2
+4 1
+3 1
+1 1
-4 2
+2 1
+4 1
+1 1
+11 4

fn=(310)
73 1
+6 2
-6 3
+6 4
+2 4
-7 2
+9 3
-2 1
+10 1
-10 3
+45 1
+1 1
+3 4
+3 5
-21 1
+1 2

fl=(92) /build/eglibc-oGUzwX/eglibc-2.19/time/../sysdeps/unix/sysv/linux/clock.c
fn=(400) clock
29 1
+6 3
cfi=(93)
cfn=(402)
calls=1 +58 
* 13
* 2
+3 1
+1 2
-1 1
+1 5
-1 1
+2 2

fl=(116)
fn=(542)
40 6
-5 3
+7 3
-7 9
+7 3
+11 6
+2 9
-2 3
+1 6
+1 9
-2 3
+2 3
cfi=(117) /build/eglibc-oGUzwX/eglibc-2.19/libio/iogetline.c
cfn=(544) _IO_getline
calls=3 -17 
* 1110
+3 9
+8 3
+1 3
-1 3
+2 12
-10 6
+5 9

fl=(125)
fn=(580)
214 30
+11 3
-11 6
+11 6
+1 6
+88 18
+6 9
+3 15
+4 6
+8 6
+6 3
+2 9
+15 3
-15 3
+15 15
2590 3
363 3
-94 3
-49 3
-1 3
+56 3
2590 3
2156 3
273 3
2156 3
367 6
-95 3
-7 3
-1 3
-1 3
-1 3
-12 3
367 3
230 3
-12 3
367 6
+37 126
+25 42
+1 42
-1 42
+1 42
+3 195
+7 297
+8 78
+2 9
+1 18
-1 3
+1 3
-1 12
+6 165
-89 99
+89 9
-89 27
223 3
2933 6
435 12
+40 12
+49 27
+80 6
+5 9
+4 3
+1 12
-1 3
+1 6
+6 243
+3 111
+2 9
-1 6
+1 15
cfi=(111)
cfn=(582)
calls=3 726 
* 42
* 6
+4 24
469 21
+24 24
+21 15
2943 18
+5 9
+3 6
+17 9
+6 24
-31 18
cob=(4)
cfi=(113)
cfn=(532)
calls=3 68 
* 24
+2 6
320 6
537 9
+8 6
1394 18
+5 3
-5 3
+5 9
+35 6
1729 24
-9 96
+2 48
+5 147
+57 6
+1 6
+26 27
cfi=(111)
cfn=(582)
calls=3 726 
* 42
* 6
+3 6
+10 3
-10 3
+10 3
-10 3
+10 3
+1 18
cfi=(127)
cfn=(586)
calls=3 97 
* 696
+4 12
+3 6
+2 6
+4 6
+1 9
+13 30
1386 3
+8 3
-9 3
+9 3
472 3
1408 9
+23 6
+3 12
1724 21
+53 42
+2 42
-2 21
+2 21
-2 21
+2 21
+2 210
-52 15
2374 9
358 21
cob=(4)
cfi=(113)
cfn=(530)
calls=3 30 
* 42
* 6
493 3
+28 6
1777 18
fi=(126) /build/eglibc-oGUzwX/eglibc-2.19/stdio-common/../nptl/sysdeps/pthread/allocalim.h
28 9
fe=(125)
1777 45

fl=(114)
fn=(728)
81 27508
cfi=(137)
cfn=(694)
calls=6877 -24 
* 75647
* 41262
cfi=(137)
cfn=(700)
calls=6877 +9 
* 82524
* 27508
+1 6877

fn=(566)
81 20

fn=(536)
81 20

fn=(690)
81 4
cfi=(137)
cfn=(694)
calls=1 -24 
* 11
* 6
cfi=(137)
cfn=(700)
calls=1 +9 
* 12
* 4
+1 1

fn=(600)
81 20

fl=(79)
fn=(340)
30 2
fi=(80)
373 3
fe=(79)
29 3
cfi=(80)
cfn=(342) ptmalloc_init.part.7
calls=1 371 
* 57994
* 1
+4 1
-1 1
cfi=(78)
cfn=(360)
calls=1 2876 
* 1190

fl=(138) /build/eglibc-oGUzwX/eglibc-2.19/stdio-common/fprintf.c
fn=(710) fprintf
27 20825882
+4 2975126
+1 2975126
-1 14875630
+1 2975126
cfi=(139)
cfn=(712)
calls=2975126 235 
* 1446150061
+4 5950252

fl=(88)
fn=(372)
53 5
+1 5
+1 5
+1 5
+1 5
+2 5
+1 5
+1 1
+1 1
+1 1
+1 1
+1 1
+1 1
+2 1
+9 4
+1 4
+1 4
+1 4
+1 4
+1 4
+1 4
+1 4
+1 4
+1 4
+1 4
+1 4
+1 4
+1 8
+3 4
+1 4
+1 4
+1 4
+1 4
+1 4
+1 4
-6 10
+1 10
+1 10
+1 10
+1 10
+1 10
+1 10
+1 4

fl=(44)
fn=(178)
27 4
-1 4
+1 4
+4 8
-3 8

fl=(72) /build/eglibc-oGUzwX/eglibc-2.19/csu/libc-start.c
fn=(306) (below main)
133 7
+4 1
-4 3
+4 3
+82 1
-82 1
+82 1
+1 4
cfi=(73)
cfn=(308)
calls=1 57 
* 60
+22 6
+3 2
+1 5
cob=(6)
cfi=(71) ???
cfn=(312) __libc_csu_init
calls=1 0 
* 55
+4 4
+15 2
+9 2
cfi=(74)
cfn=(326)
calls=1 30 
* 29
+1 2
+5 2
+1 2
+3 2
+3 6
cob=(6)
cfi=(77)
cfn=(332) main
calls=1 45 
* 3058431657
+34 2
cfi=(142)
cfn=(768)
calls=1 104 
* 2911
137 2

fl=(61) /build/eglibc-oGUzwX/eglibc-2.19/csu/../csu/init-first.c
fn=(262) _init
52 8
+6 3
+14 1
fi=(62) /build/eglibc-oGUzwX/eglibc-2.19/csu/../sysdeps/generic/dl-hash.h
-28 1
fe=(61)
+26 1
+1 1
fi=(63) /build/eglibc-oGUzwX/eglibc-2.19/csu/../sysdeps/unix/sysv/linux/x86_64/init-first.c
-33 1
fi=(62)
+7 1
fi=(63)
-7 1
fe=(61)
+34 1
fi=(63)
-34 2
fi=(62)
+5 1
+5 3
+1 2
+13 2
-17 3
+3 9
+1 6
+13 6
-17 9
+22 1
fi=(63)
-29 2
+2 2
-2 1
+2 2
cfi=(44)
cfn=(178)
calls=1 -13 
* 7
+1 2
+5 2
-3 2
+1 1
+2 1
cfi=(44)
cfn=(178)
calls=1 -19 
* 7
fe=(61)
+40 1
fi=(63)
-36 1
fe=(61)
+36 2
fi=(63)
-36 2
+1 2
+1 1
fe=(61)
+34 1
cfi=(64)
cfn=(268)
calls=1 -56 
* 47
+8 1
cfi=(66)
cfn=(272)
calls=1 -63 
* 16
+5 6
-34 1
-7 1
+7 4
fi=(63)
-23 2
fe=(61)

fl=(69) /build/eglibc-oGUzwX/eglibc-2.19/elf/dl-altinit.c
fn=(282) dlinit_alt
33 3
+1 1

fl=(117)
fn=(546) _IO_getline_info
58 30
+2 3
-2 9
+2 3
+2 9
+2 12
+28 3
+2 6
-2 3
+2 3
-2 3
+2 3
cfi=(119)
cfn=(568)
calls=3 -69 
* 96
+1 3
-1 3
+1 3
-29 18
+1 12
+2 6
cfi=(111)
cfn=(548)
calls=3 363 
* 657
+1 6
+6 6
+11 3
-1 6
-22 6
+34 3
+1 3
-2 3
+1 3
-1 3
+2 6
+2 3
+2 6
+2 15
cfi=(120)
cfn=(570)
calls=3 -44 
* 108
+1 3
+1 3
-1 3
+10 24
-53 6

fn=(544)
38 6
cfn=(546)
calls=3 +20 
* 1104

fl=(141)
fn=(724)
61 5948819
+4 5948819
+3 5948819
+1 5948819
+2 4457623
+1 4457623
+2 4457623
+1 4457623
+5 4457623
+1 4457623
-1 1491196
+1 1491196
+2 1491681
+1 1491681
+2 1491681
+1 1491681
+5 1491681
+1 1491681
-1 4457138
+1 4457138
+2 1425796
+1 1425796
+2 1425796
+1 1425796
+5 1425796
+1 1425796
-1 4523023
+1 4523023
+2 1832846
+1 1832846
+2 1832846
+1 3665692
+5 1832846
+1 1832846
-1 4115973
+1 4136302
+5 20329
+1 20329
+1 20329
+1 20329
+2 20329
+2 20329
+1 20329
+2 20329
+6 5948819
+4 5948819

fl=(80)
fn=(514)
851 20
-61 8
898 20
-37 12
+2 12
+2 20
+21 12
+2 28
741 12
cfn=(516) new_heap
calls=4 528 
* 259
+2 4
-2 4
+2 4
+9 16
fi=(78)
1788 12
-3 8
+3 1512
-3 1008
+7 12
+2 4
fe=(80)
755 4
+5 4
fi=(78)
1797 4
fe=(80)
756 4
+3 4
+2 4
-6 8
+6 4
+1 8
+2 4
-1 4
+6 4
-5 4
+5 8
-5 8
+3 4
+1 4
-1 4
+2 24
+2 28
+3 8
+2 4
+2 20
891 8

fn=(342)
371 6
+13 1
-8 1
+8 1

ob=(6)
fl=(71)
fn=(298) 0x0000000000400ad0
0 11
cob=(3)
cfi=(72)
cfn=(306)
calls=1 133 
0 3058434772
cob=(1)
cfi=(52)
cfn=(220)
calls=1 34 
0 1055
0 5

fn=(780) 0x0000000000400b00
0 8

fn=(318) 0x0000000000400b90
0 15

fn=(776) 0x0000000000400b70
0 5
cfn=(780)
calls=1 0 
0 8
0 3

fn=(382) fstat
0 4
cob=(3)
cfi=(90)
cfn=(388)
calls=1 34 
0 10
cob=(1)
cfi=(52)
cfn=(220)
calls=1 34 
0 920
0 5

fn=(312)
0 16
cob=(2)
cfi=(14)
cfn=(314)
calls=1 0 
0 6
0 7
cfn=(318)
calls=1 0 
0 15
0 11

fl=(77)
fn=(332)
45 6
+1 1
+1 1
+1 1
+1 24
+1 1
+1 1
+1 1
+1 1
+1 1
+1 1
+1 1
+1 1
+1 1
+1 1
+1 1
+1 1
+1 1
+1 1
+3 2
+6 5
cob=(3)
cfi=(78)
cfn=(338)
calls=1 3161 
* 59240
cob=(1)
cfi=(52)
cfn=(220)
calls=1 -38 
* 897
* 5
* 1
+1 2
+7 5
cob=(4)
cfi=(89)
cfn=(378)
calls=1 +1 
* 7
cob=(1)
cfi=(52)
cfn=(220)
calls=1 -46 
* 736
* 5
* 1
+1 2
+7 5
cfi=(71)
cfn=(382)
calls=1 -88 
* 939
* 1
+1 2
+9 9
cob=(3)
cfi=(91)
cfn=(394)
calls=1 -17 
* 6
cob=(1)
cfi=(52)
cfn=(220)
calls=1 -64 
* 883
* 5
* 1
+1 2
+8 2
+1 5
+3 1
+2 112661760
+2 2975130
+2 2975130
-6 8925390
+6 25190310
-6 75570933
+10 4
cob=(3)
cfi=(78)
cfn=(338)
calls=1 3161 
* 251
* 1
* 3
+7 3
+1 3
+2 100761244
+2 5950260
+1 2975130
+1 8925390
+2 1
+8 1
cob=(3)
cfi=(92)
cfn=(400)
calls=1 29 
* 31
cob=(1)
cfi=(52)
cfn=(220)
calls=1 34 
* 875
* 5
* 2
cob=(3)
cfi=(94)
cfn=(410)
calls=1 +65 
* 10537
cob=(1)
cfi=(52)
cfn=(220)
calls=1 34 
* 874
* 5
+1 2
-7 20825903
+1 2975129
-11 2975129
+13 2975129
-13 22215181
+13 22215181
+6 2975130
cob=(3)
cfi=(96)
cfn=(420)
calls=2975130 26 
* 139735138
cob=(1)
cfi=(52)
cfn=(220)
calls=1 34 
* 860
* 2975134
* 47602080
cfn=(424) Swap
calls=2975130 302 
* 238011456
-2 14875654
+6 6
+3 5
cob=(3)
cfi=(78)
cfn=(338)
calls=1 3161 
* 245
* 1
* 1
+1 2
+7 2
+2 52
+1 32
-3 19
+5 21
+3 2
+2 64
cob=(4)
cfi=(100)
cfn=(440)
calls=4 466 
* 8429
cob=(1)
cfi=(52)
cfn=(220)
calls=1 34 
* 887
* 8
* 4
+1 8
-3 19
+18 2
+2 36
cob=(4)
cfi=(132)
cfn=(634)
calls=4 43 
* 562
cob=(1)
cfi=(52)
cfn=(220)
calls=1 34 
* 863
* 8
+1 8
-3 19
+15 4
cob=(3)
cfi=(78)
cfn=(338)
calls=1 3161 
* 251
* 1
* 3
+11 2
+4 18
-2 9
+1 21
-1 27
cfn=(684) Merge
calls=3 +46 
* 643765463
+4 36
-6 15
+9 4
cob=(3)
cfi=(110)
cfn=(506)
calls=1 103 
* 560
cob=(1)
cfi=(52)
cfn=(220)
calls=1 34 
* 881
* 5
* 3
+9 1
+2 32726386
cob=(3)
cfi=(138)
cfn=(710)
calls=2975126 27 
* 1496727203
cob=(1)
cfi=(52)
cfn=(220)
calls=1 34 
* 911
* 2975130
+1 2975126
-3 11900508
+7 6
cob=(3)
cfi=(91)
cfn=(518)
calls=1 81 
* 5
cob=(1)
cfi=(52)
cfn=(220)
calls=1 34 
* 903
* 5
+1 3
cob=(4)
cfi=(89)
cfn=(748)
calls=1 81 
* 38
cob=(1)
cfi=(52)
cfn=(220)
calls=1 34 
* 757
* 5
+1 3
cob=(3)
cfi=(78)
cfn=(612)
calls=1 2917 
* 44
cob=(1)
cfi=(52)
cfn=(220)
calls=1 34 
* 874
* 5
+1 3
cob=(3)
cfi=(78)
cfn=(612)
calls=1 2917 
* 85
* 1

ob=(3)
fl=(80)
fn=(342)
391 2
+1 2
-1 1
+1 10
cfi=(57)
cfn=(358)
calls=1 116 
* 9
+2 5
+16 2
-74 146
+16 73
-18 222
455 2
+6 2
+1 2
+2 1
+1 7
-80 5
cfi=(81)
cfn=(344)
calls=1 126 
* 57484
* 2
+1 4
-49 2
+1 2

fn=(516)
528 4
-1 8
+6 4
-5 4
-1 4
+1 4
+5 8
+2 8
+13 4
-7 12
+7 8
+2 6
cfi=(91)
cfn=(394)
calls=1 81 
* 6
+3 1
-3 1
+2 1
+1 3
+35 16
cfi=(91)
cfn=(464)
calls=4 81 
* 20
* 8
+6 4
+1 4
+3 4
+1 16
-38 21
cfi=(91)
cfn=(394)
calls=3 81 
* 18

ob=(6)
fl=(77)
fn=(332)
244 3
cob=(3)
cfi=(78)
cfn=(612)
calls=1 2917 
* 44
* 1
+1 3
cob=(3)
cfi=(78)
cfn=(612)
calls=1 2917 
* 85
* 1
+1 3
cob=(3)
cfi=(129)
cfn=(590)
calls=1 40 
* 782
cob=(1)
cfi=(52)
cfn=(220)
calls=1 34 
* 920
* 5
+2 1
+1 4

fn=(424)
302 17850780
+2 17850780
cob=(3)
cfi=(99)
cfn=(434)
calls=2975130 25 
* 50577210
cob=(1)
cfi=(52)
cfn=(220)
calls=1 34 
* 893
* 2975134
+1 17850780
cob=(3)
cfi=(99)
cfn=(434)
calls=2975130 25 
* 50577369
* 2975130
+1 17850780
cob=(3)
cfi=(99)
cfn=(434)
calls=2975130 25 
* 50577210
* 2975130
+1 5950260

fn=(486)
252 16
+1 8
+2 32
cob=(3)
cfi=(105)
cfn=(492)
calls=4 +52 
* 3908597026
cob=(1)
cfi=(52)
cfn=(220)
calls=1 34 
* 881
* 8
+2 4
+1 8

fn=(620)
297 305129110
+1 427180754
cob=(3)
cfi=(131)
cfn=(628)
calls=61025822 180 
* 2114548767
cob=(1)
cfi=(52)
cfn=(220)
calls=1 34 
* 916
* 61025826
+1 122051644

fn=(684)
263 27
+1 6
+1 6
+1 6
+1 18
+1 18
+2 3
+2 40164036
cfn=(620)
calls=6694006 +25 
* 344115195
* 13388012
+2 26775948
cob=(3)
cfi=(99)
cfn=(434)
calls=4462658 25 
* 75865186
* 4462658
+1 13387974
+4 13388088
cob=(3)
cfi=(99)
cfn=(434)
calls=2231348 25 
* 37932916
* 2231348
+1 4462696
+2 4462696
-12 6694044
+12 8925316
-12 13387974

ob=(3)
fl=(80)
fn=(516)
562 6
+2 6
+3 9
+3 4
+1 6
cfi=(91)
cfn=(518)
calls=2 81 
* 10
* 3
cfi=(91)
cfn=(518)
calls=1 81 
* 5
* 3
-3 3
cfi=(91)
cfn=(518)
calls=1 81 
* 5
* 2

fl=(40) /build/eglibc-oGUzwX/eglibc-2.19/string/../sysdeps/x86_64/multiarch/strcmp.S
fn=(626) strcmp
88 1
+1 1
+4 1
+1 1
+1 1
+8 1
+1 1
+1 1
+2 1

fn=(180) strncasecmp
140 1
+1 1
+4 1
+1 1
+1 1
+11 1

fn=(170) strcasecmp
114 1
+1 1
+1 1
cfi=(41)
cfn=(172)
calls=1 -62 
* 93

ob=(6)
fl=(77)
fn=(684)
270 20082036
+16 30
cob=(3)
cfi=(99)
cfn=(434)
calls=3 25 
* 112
* 3
+1 30
cob=(3)
cfi=(99)
cfn=(434)
calls=3 25 
* 48
* 3

ob=(3)
fl=(40)
fn=(170)
119 1
+1 1
+1 1
+11 1

fl=(90)
fn=(388)
34 5
-1 5
+1 5
+1 30

ob=(6)
fl=(77)
fn=(684)
290 30
cob=(3)
cfi=(99)
cfn=(434)
calls=3 25 
* 14038988
* 3
+3 3
+1 6

ob=(3)
fl=(90)
fn=(388)
39 5

ob=(5) /usr/lib/valgrind/vgpreload_core-amd64-linux.so
fl=(70) ???
fn=(806) 0x00000000000005c0
0 9

fn=(788) 0x0000000000000630
0 8
cob=(3)
cfi=(144)
cfn=(800)
calls=1 31 
0 65
cob=(1)
cfi=(52)
cfn=(220)
calls=1 34 
0 737
0 5
0 1
cfn=(806)
calls=1 0 
0 9
0 3

fn=(288) 0x0000000000000670
0 16

ob=(1)
fl=(35) /build/eglibc-oGUzwX/eglibc-2.19/elf/dl-cache.c
fn=(130) _dl_load_cache_lookup
182 16
+8 4
+3 6
+45 4
+6 6
+9 2
+6 4
-6 6
+6 2
cfi=(23) /build/eglibc-oGUzwX/eglibc-2.19/io/../sysdeps/unix/syscall-template.S
cfn=(64) access
calls=2 81 
* 18
* 2
+4 2
-10 2
+10 6
+15 248
cfn=(134) _dl_cache_libcmp
calls=15 138 
* 1212
* 67
-82 4
cfi=(31) /build/eglibc-oGUzwX/eglibc-2.19/elf/dl-misc.c
cfn=(132) _dl_sysdep_read_whole_file
calls=1 45 
* 67
+8 1
-8 1
+8 4
+1 4
cfi=(12) /build/eglibc-oGUzwX/eglibc-2.19/string/../string/memcmp.c
cfn=(26) bcmp
calls=1 315 
* 112
* 2
+7 1
-3 1
+3 3
+3 1
+1 2
-1 1
+1 1
+1 3
cfi=(12)
cfn=(26)
calls=1 +98 
* 89
* 2
+2 2
+59 26
cfn=(134)
calls=2 138 
* 144
* 8
-14 8
+14 2
-14 4
-1 6
+15 42
+16 4
+5 18
-21 6

fn=(134)
138 51
+1 38
+2 184
+2 92
-2 92
+2 4
+6 2
+2 2
-1 2
-1 2
+1 2
-1 2
+2 6
+2 10
+2 4
+6 180
+2 330
+4 75
+1 75
-29 150
+32 4
+1 4
-8 15
+8 30

fn=(196) _dl_unload_cache
309 4
-1 1
+3 2
cfi=(25) /build/eglibc-oGUzwX/eglibc-2.19/misc/../sysdeps/unix/syscall-template.S
cfn=(198) munmap
calls=1 81 
* 5
+1 1
+2 2

fl=(27) /build/eglibc-oGUzwX/eglibc-2.19/string/../sysdeps/x86_64/multiarch/../strchr.S
fn=(72) index
24 11
+1 11
+1 11
+1 11
+1 11
+1 11
+1 11
+1 11
+1 11
+1 11
+1 11
+1 11
+1 11
+1 11
+1 11
+1 11
+1 11
+1 8
+4 8
+1 8
+1 8
+1 8
+2 8
+4 3
+1 3
+1 3
+1 3
+1 3
+1 3
+1 3
+1 3
+1 3
+1 3
+1 3
+1 3
+1 3
+1 3
+1 3
+1 3
+1 3
+1 3
+1 3
+1 3
+1 3
+1 3
+1 3
+1 3
+52 3
+4 3
+1 3
+1 3
+1 3
+2 3

fl=(48) /build/eglibc-oGUzwX/eglibc-2.19/elf/dl-init.c
fn=(204) call_init.part.0
34 40
+8 5
-8 5
+11 5
-3 10
+3 15
+5 12
+5 6
+8 6
+1 18
cob=(2)
cfi=(14)
cfn=(284)
calls=1 -64 
* 6
cob=(3)
cfi=(61)
cfn=(262)
calls=1 -12 
* 180
cob=(2)
cfi=(14)
cfn=(206)
calls=1 -64 
* 5202
+3 3
+1 6
+6 3
+2 6
-2 6
+3 15
+1 12
cob=(5)
cfi=(70)
cfn=(288)
calls=1 -78 
* 16
cob=(3)
cfi=(67)
cfn=(274)
calls=1 550 
* 1045
cob=(4)
cfi=(58)
cfn=(250)
calls=1 -78 
* 16
* 8
cob=(3)
cfi=(69)
cfn=(282)
calls=1 -45 
* 4
cob=(4)
cfi=(59)
cfn=(258)
calls=1 -14 
* 104
* 5
-1 10
+3 24
-29 2
+29 6
-34 3

fn=(202) _dl_init
86 11
+1 1
+1 1
+3 3
+7 4
+27 18
+1 15
-90 26
cfn=(204)
calls=4 -2 
* 1420
* 4
+96 8
-96 3
cfn=(204)
calls=1 -2 
* 5384
+58 2

fl=(10) /build/eglibc-oGUzwX/eglibc-2.19/elf/../misc/sbrk.c
fn=(20) sbrk
34 4
+8 6
+4 2
+11 5

fl=(53) /build/eglibc-oGUzwX/eglibc-2.19/elf/../elf/dl-runtime.c
fn=(222) _dl_fixup
66 78
+6 78
-6 117
+3 39
-1 39
+1 39
+3 39
+1 39
-1 78
+1 195
+1 39
-1 39
+1 78
+5 78
+4 78
+4 117
+4 76
+1 152
+2 152
+7 117
-1 20
+8 40
+3 180
cfi=(6) /build/eglibc-oGUzwX/eglibc-2.19/elf/dl-lookup.c
cfn=(164) _dl_lookup_symbol_x
calls=20 714 
* 17345
-3 38
+3 171
cfi=(6)
cfn=(164)
calls=19 714 
* 15154
* 39
+4 117
+4 156
+6 234
+16 39
-8 39
+8 117
+4 117
fi=(5) /build/eglibc-oGUzwX/eglibc-2.19/elf/../sysdeps/x86_64/dl-machine.h
+65 39
fe=(53)
-61 195
-64 2
+31 76
-13 19
+1 38
fi=(97) /build/eglibc-oGUzwX/eglibc-2.19/elf/../sysdeps/x86_64/dl-irel.h
-72 2
cob=(3)
cfi=(40)
cfn=(626)
calls=1 +56 
* 9
cob=(3)
cfi=(98)
cfn=(432)
calls=1 * 
* 7
* 4
fe=(53)

fl=(32) /build/eglibc-oGUzwX/eglibc-2.19/io/../sysdeps/unix/sysv/linux/wordsize-64/fxstat.c
fn=(112) _fxstat
34 4
-1 4
+1 4
+1 24
+4 4

fl=(31)
fn=(132)
45 1
+7 1
-7 3
+7 1
-7 1
+1 1
-1 2
+7 1
cfi=(23)
cfn=(104) open
calls=1 +29 
* 5
+1 1
-1 1
+1 1
+2 4
cfi=(32)
cfn=(112)
calls=1 -21 
* 10
* 2
+2 1
+3 1
-3 1
+3 1
+13 2
cfi=(23)
cfn=(118) close
calls=1 +8 
* 5
+3 7
-14 6
cfi=(25)
cfn=(68) mmap
calls=1 +19 
* 6
* 2

fn=(100) _dl_name_match_p
288 975
+1 390
cfi=(17) /build/eglibc-oGUzwX/eglibc-2.19/string/../sysdeps/x86_64/multiarch/../strcmp.S
cfn=(50) strcmp
calls=195 131 
* 1372
* 195
+1 195
-1 195
+3 195
+2 390
+4 195
-4 390
+1 609
cfi=(17)
cfn=(50)
calls=203 131 
* 3320
* 406
-5 8
+11 227
-1 187
+1 748

fl=(36)
fn=(226)
320 2
+1 3

fn=(458)
459 4
+1 4
-1 12
+1 4
295 4
+1 4
-1 4
+1 8
cob=(3)
cfi=(78)
cfn=(338)
calls=4 3161 
* 1082
* 4
+1 8
+3 4
+6 8
460 4
+3 12
-3 4
cfn=(192) _dl_allocate_tls_init
calls=4 -84 
* 1100

fn=(150) _dl_determine_tlsoffset
112 7
+6 3
+3 2
+36 1
-34 1
+34 2
+2 3
-2 1
-2 1
-40 1
-1 1
-1 2
+44 6
+5 1
-1 1
+5 2
-4 1
-1 1
+7 1
-7 1
+3 2
+2 1
+2 1
-2 2
+16 5
+2 1
+1 1
-1 2
+10 1
-12 4
+15 4
+1 1
+51 1
+1 8

fn=(650)
770 9
+2 27
+3 27
+2 18
+3 9
+1 9

fn=(152) _dl_allocate_tls_storage
328 1
+13 1
-13 2
+2 1
+11 2
cfi=(15) /build/eglibc-oGUzwX/eglibc-2.19/elf/dl-minimal.c
cfn=(40) __libc_memalign
calls=1 51 
* 51
* 1
+1 1
-1 1
+1 1
+7 1
+4 306
-58 1
+1 1
-1 1
+1 2
cfi=(15)
cfn=(32) calloc
calls=1 102 
* 43
* 1
+1 2
+9 1
-6 1
+6 1
+64 5

fn=(190) _dl_add_to_slotinfo
831 3
+9 1
-9 1
+6 2
+8 5
+41 1
+1 3
+1 4

fn=(192)
376 35
+1 5
-1 5
+1 5
+4 10
+3 5
-1 5
-2 5
+8 15
+5 35
+6 35
+22 10
+1 20
+2 10
+9 5
-8 5
+8 10
-8 5
+8 5
+1 5
+1 15
cfi=(24) /build/eglibc-oGUzwX/eglibc-2.19/string/../sysdeps/x86_64/memcpy.S
cfn=(66) mempcpy
calls=5 61 
* 115
* 25
cfi=(26) /build/eglibc-oGUzwX/eglibc-2.19/string/../sysdeps/x86_64/rtld-memset.S
cfn=(70) memset
calls=5 30 
* 830
* 15
-42 25
+6 10
+3 5
+1 10
+6 5
+3 5
-3 10
+3 5
-1 10
+38 10
+2 5
+1 40

fn=(136) _dl_next_tls_modid
50 1
+3 3
+48 2
+4 2

fl=(39) /build/eglibc-oGUzwX/eglibc-2.19/elf/dl-reloc.c
fn=(158) _dl_relocate_object
154 50
+15 5
-15 10
+15 5
+1 20
+6 10
+6 15
-18 10
+22 10
+7 10
-32 5
+77 5
fi=(5)
71 5
fe=(39)
238 10
fi=(5)
71 15
fe=(39)
264 228
-99 20
fi=(5)
276 32
fe=(39)
-12 4
fi=(4) /build/eglibc-oGUzwX/eglibc-2.19/elf/do-rel.h
48 4
fe=(39)
264 4
fi=(4)
58 4
fe=(39)
264 4
fi=(4)
47 8
+11 8
fe=(39)
264 1
-99 5
fi=(5)
276 8
fe=(39)
-12 1
fi=(4)
48 1
fe=(39)
264 1
fi=(4)
58 1
fe=(39)
264 1
fi=(4)
47 2
+11 2
fe=(39)
264 5
fi=(4)
48 5
fe=(39)
264 5
fi=(4)
58 5
fe=(39)
264 5
fi=(4)
47 10
+11 10
+3 16
fi=(5)
503 212
+4 212
+2 318
+1 106
fi=(4)
61 330
+2 333
+2 17
-4 3
+13 8
+1 5
+1 10
fi=(5)
503 5
+24 5
fi=(4)
75 5
fi=(5)
527 5
+2 5
cob=(3)
cfi=(46)
cfn=(186)
calls=1 49 
* 13
cob=(3)
cfi=(45)
cfn=(182)
calls=1 31 
* 68
cob=(3)
cfi=(40)
cfn=(180)
calls=1 140 
* 6
cob=(3)
cfi=(42)
cfn=(174)
calls=1 37 
* 68
cob=(3)
cfi=(40)
cfn=(170)
calls=1 114 
* 100
fi=(4)
75 5
fi=(5)
530 5
fi=(4)
75 7
fe=(39)
264 3
fi=(4)
75 9
fe=(39)
264 27
+3 15
+28 5
+3 10
+17 15
+2 40
fi=(4)
84 6
+2 12
+12 6
-15 6
+15 6
-15 6
+15 6
+10 8
+3 11
fi=(5)
487 3
fi=(4)
112 6
fi=(5)
487 1259
fi=(4)
112 2506
fi=(5)
487 2506
+5 2512
+1 2512
fi=(4)
111 2512
fi=(5)
493 1256
fi=(4)
111 1256
+7 18
+3 5
+3 5
-3 5
+3 5
fi=(5)
422 4
fi=(4)
50 4
fi=(5)
422 4
fi=(4)
51 4
fi=(5)
422 16
fi=(4)
127 436
+9 218
+3 218
fi=(5)
244 109
fi=(4)
138 109
-2 109
+1 436
fi=(5)
244 109
+21 218
+4 218
+7 2077
fi=(4)
137 85
+1 85
fi=(5)
276 170
fi=(4)
137 85
fi=(5)
276 291
fi=(4)
137 9
+1 9
fi=(5)
276 18
fi=(4)
137 9
fi=(5)
276 1249
cfi=(6)
cfn=(164)
calls=94 714 
* 62856
* 470
+2 294
+3 104
-3 208
+3 312
+6 763
fe=(39)
183 10
+81 5
fi=(5)
77 8
+4 12
+14 4
-8 4
+8 8
+13 8
+3 16
410 279
fi=(4)
124 343
+19 8
fi=(5)
276 33
382 36
+4 60
+5 60
-63 3
+2 2
+9 2
-19 4
+1 6
449 3
+4 6
cfi=(16) /build/eglibc-oGUzwX/eglibc-2.19/string/../sysdeps/x86_64/multiarch/../memcpy.S
cfn=(42) memcpy
calls=1 61 
* 18
+2 3
+1 1
fi=(4)
108 3
fe=(39)
323 10
+1 5
+1 5
-1 5
-1 10
+2 5
+3 10
+1 15
cfi=(25)
cfn=(114) mprotect
calls=5 81 
* 25
* 10
fi=(4)
160 8
+2 20
+8 10
+1 5
-1 5
+1 5
fi=(5)
+73 5
fi=(4)
-74 10
fi=(5)
+74 5
+21 10
+4 10
+7 135
cfi=(6)
cfn=(164)
calls=5 714 
* 2739
* 20
+2 15
+3 1
-3 2
+3 3
+6 35
410 15
fi=(4)
160 15
+14 5
fi=(5)
276 105
fe=(39)

fl=(1) ???
fn=(0) 0x00000000000012d0
0 2
cfi=(2)
cfn=(2) _dl_start
calls=1 361 
0 128046
0 14
cfi=(48)
cfn=(202)
calls=1 86 
0 6900
0 3
cob=(6)
cfi=(71)
cfn=(298)
calls=1 0 
0 3058435843

fl=(24)
fn=(66)
61 23
+4 23
+3 22
+1 22
+2 6
+1 6
+2 6
+1 6
+5 6
+1 6
-1 16
+1 16
+2 9
+1 9
+2 9
+1 9
+5 9
+1 9
-1 13
+1 13
+2 7
+1 7
+2 7
+1 7
+5 7
+1 7
-1 15
+1 15
+2 5
+1 5
+2 5
+1 10
+5 5
+1 5
-1 17
+1 27
+5 10
+1 10
+1 10
+1 10
+2 10
+2 10
+1 10
+2 10
+6 22
+4 22
+12 3
+2 3
+1 3
+26 3
+1 3
+3 3
+1 3
+1 3
+5 3
+2 3
+1 3
+1 3
+1 3
+2 3
+1 3
+1 3
+1 3
+2 3
+1 3
+2 3
+22 3
+2 3
+2 1
+7 1

fl=(13) /build/eglibc-oGUzwX/eglibc-2.19/elf/dl-object.c
fn=(44) _dl_add_to_namespace_list
32 8
+2 4
-2 12
+2 4
cfi=(2)
cfn=(46) rtld_lock_default_lock_recursive
calls=4 837 
* 8
+2 29
+4 6
-1 27
+2 3
+2 3
+4 3
+4 3
-4 6
+1 6
+1 6
+2 3
+1 9
-1 3
cfi=(2)
cfn=(48) rtld_lock_default_unlock_recursive
calls=3 843 
* 6
-4 1
+4 1
-4 2
+1 2
+1 2
+2 1
+1 3
-1 1
cfi=(2)
cfn=(48)
calls=1 843 
* 2
-5 2

fn=(28) _dl_new_object
61 56
+1 4
cfi=(9) /build/eglibc-oGUzwX/eglibc-2.19/string/../sysdeps/x86_64/multiarch/../rtld-strlen.S
cfn=(18) strlen
calls=4 -36 
* 205
+6 4
-6 16
+6 44
+7 16
cfi=(15)
cfn=(32)
calls=4 +27 
* 198
* 4
+3 4
-3 4
+3 4
+4 4
+5 8
-6 4
+6 4
-5 4
+4 8
+1 4
cfi=(16)
cfn=(42)
calls=4 -26 
* 111
* 4
+10 8
-8 4
+9 4
-1 8
+1 8
-1 4
+1 8
+3 4
-3 4
+3 4
+9 4
-7 4
+4 4
+3 9
+2 2
-2 2
+2 30
-2 30
+12 4
+6 4
-5 4
-1 4
+6 12
-2 4
+2 8
+2 9
+3 9
+4 9
+4 9
+2 1
+6 1
+3 2
+3 5
-3 6
+3 15
+2 3
+4 3
-4 3
cfi=(9)
cfn=(18)
calls=3 26 
* 212
* 6
+4 3
-4 3
+4 9
+64 6
+4 32
-88 9
-39 9
+39 3
+70 9
cfi=(24)
cfn=(66)
calls=3 61 
* 115
* 3
+5 56
+1 56
-1 56
+1 59
-1 3
+1 9
+5 6
-57 6
cfi=(15)
cfn=(36) malloc
calls=3 -72 
* 102
* 3
+1 3
-1 3
+1 9

fl=(29) /build/eglibc-oGUzwX/eglibc-2.19/elf/dl-error.c
fn=(90) _dl_catch_error
163 12
+15 6
-3 12
+1 12
-13 12
+14 12
+1 6
+2 6
cfi=(2)
cfn=(92)
calls=6 797 
* 12
+2 6
-1 6
+4 6
-5 6
+2 6
+3 6
-4 6
+4 6
cfi=(30) /build/eglibc-oGUzwX/eglibc-2.19/setjmp/../sysdeps/x86_64/setjmp.S
cfn=(94) __sigsetjmp
calls=6 26 
* 114
* 18
+2 18
cfi=(33) /build/eglibc-oGUzwX/eglibc-2.19/elf/dl-deps.c
cfn=(122) openaux
calls=5 60 
* 15085
cfi=(2)
cfn=(96) map_doit
calls=1 624 
* 2458
+1 12
+2 6
+1 6
-3 6
+1 12
+1 6
+1 6
+8 24

fn=(138) _dl_receive_error
205 10
+1 1
cfi=(2)
cfn=(92)
calls=1 797 
* 2
+5 1
-1 1
-4 1
+9 1
+2 1
-3 1
+3 1
cfi=(2)
cfn=(140) version_check_doit
calls=1 656 
* 6046
+2 1
+1 1
+1 8

fl=(8) /build/eglibc-oGUzwX/eglibc-2.19/elf/../sysdeps/unix/sysv/linux/x86_64/brk.c
fn=(14) brk
31 1
-3 1
+3 6
+8 1
-6 2
+7 1

fl=(143)
fn=(774) _dl_sort_fini
32 9
+2 1
-2 4
+2 1
+6 1
-1 2
+2 1
-1 1
-1 2
+1 4
+1 1
cfi=(26)
cfn=(70)
calls=1 -11 
* 16
* 1
+15 8
+62 5
+3 27
cfi=(26)
cfn=(70)
calls=3 -91 
* 30
* 12
-75 6
-1 9
+1 3
+4 9
+71 1
-75 2
-1 3
+1 1
+4 11
+6 4
+1 4
-1 4
+1 7
+2 12
+1 6
-1 12
+1 9
+3 21
-1 30
+31 18
+21 6
-57 12
+61 16
+7 8

fn=(772)
131 3
+12 1
-12 5
+19 1
-6 1
+9 10
+3 2
cob=(4)
cfi=(82)
cfn=(346)
calls=1 -93 
* 33
+3 2
+3 2
+2 6
+7 1
+4 1
-4 1
+4 3
+2 2
+3 9
+3 2
+10 10
+2 10
+2 5
+2 5
-2 10
+6 5
-5 5
-7 15
+14 2
+5 6
cfn=(774)
calls=1 32 
* 340
+9 2
cob=(4)
cfi=(84)
cfn=(356)
calls=1 41 
* 27
+4 4
+2 1
+2 3
-2 4
+2 12
+3 10
+3 15
+4 6
+7 6
+4 3
+1 3
-1 3
+2 6
+1 9
+1 6
cob=(4)
cfi=(58)
cfn=(814)
calls=1 0 
* 1115
cob=(5)
cfi=(70)
cfn=(788)
calls=1 0 
* 828
cob=(6)
cfi=(71)
cfn=(776)
calls=1 0 
* 16
-1 9
+5 9
+1 9
cob=(2)
cfi=(14)
cfn=(832)
calls=1 0 
* 3
cob=(2)
cfi=(14)
cfn=(812)
calls=1 0 
* 3
cob=(2)
cfi=(14)
cfn=(786)
calls=1 0 
* 3
+5 30
+16 10
-55 11
-70 2
283 6
-49 4
+55 2
+7 8

fl=(17)
fn=(50)
131 604
+1 604
+1 604
+1 282
+1 282
+1 282
+1 282
cfn=(51) strcmp'2
calls=282 -6 
* 17746
+5 322
+1 322
+1 322
+1 322

fn=(51)
131 2476
+1 2476
+1 2476
+1 2401
+1 2401
+1 2401
+1 2401
cfn=(51)
calls=2194 -6 
* 96176
+2 207
+1 207
+2 75
+1 75
+1 75
+1 75

fl=(25)
fn=(68)
81 60
+1 12

fn=(198)
81 4
+1 1

fn=(114)
81 32
+1 8

fl=(6)
fn=(10) _dl_setup_hash
859 15
+4 5
+4 10
+2 5
-1 5
+3 15
+1 5
+1 10
+3 5
-1 5
-2 5
+3 5
+4 10
-2 5
+1 5
+1 10
+1 5

fn=(168) check_match.9481
131 903
+1 258
+2 258
+2 387
-2 258
+12 387
+3 498
cfi=(17)
cfn=(50)
calls=60 -18 
* 4943
* 120
+5 129
-1 129
+1 129
-1 129
+1 129
+2 254
+19 254
+1 1016
+46 903
-18 4
+2 4
+1 6
-1 4
+1 2
-1 4
-29 381
cfi=(17)
cfn=(50)
calls=127 -46 
* 11195
* 254

fn=(164)
714 1656
476 138
714 276
476 414
-1 276
+2 138
-1 138
+1 414
-1 414
+1 1609
-1 1609
+1 4827
-1 5103
716 138
+4 138
+4 138
-8 138
+1 276
+7 392
+5 138
+2 276
-2 138
+6 1104
+2 1794
cfn=(166) do_lookup_x
calls=138 82 
* 71505
+3 276
+3 9
-8 36
-7 276
+38 276
+22 129
+1 903
+26 129
+9 645
+14 387
+3 516
+5 129
+2 1104
-9 2
-71 63
+16 9
+1 18

fn=(166)
82 1242
+1 138
-6 138
+5 414
-5 966
+12 138
229 138
+3 276
-3 138
+3 276
98 138
-3 138
+1 138
+2 138
+3 138
-3 138
+3 138
-3 429
-3 429
+1 429
+2 429
+3 429
-3 429
+3 429
+4 1142
+4 1132
+4 1132
+6 1698
+4 1132
+1 1698
225 566
+1 1132
+4 1132
-2 566
+5 2264
+4 1132
-1 1132
+1 566
-1 1132
+21 437
+24 874
461 2469
+1 780
cfi=(31)
cfn=(100)
calls=156 288 
* 7285
* 936
+3 1314
+3 18
286 956
+4 315
+13 129
+1 129
-1 129
+1 129
+1 129
469 1104
240 556
-1 278
+2 278
+2 411
+10 438
-7 1375
+2 258
+1 516
-1 258
+1 129
-1 516
+1 387
cfn=(168)
calls=129 131 
* 22938
+1 645

fl=(12)
fn=(26)
315 16
+3 16
-3 80
+4 16
-4 16
+7 32
+4 18
+16 6
+1 12
-1 12
129 28
-18 9
346 6
+4 3
+2 3
-2 6
+1 3
+5 26
+2 11
+1 11
+1 11
+3 121
-3 69
-2 69
+1 69
+4 138
-7 158
+12 12
+1 128
228 2
-7 2
+1 2
+4 2
+2 2
-6 2
+4 2
+2 10
-95 4
+1 4
+1 4
+1 4
+1 4
+48 4
-2 4
+1 4
+1 22
-80 3
+1 6
+4 6
-5 12
+1 24
+4 27
234 2
+2 2
-4 2
+1 2
+4 2
-2 2
+56 4
-2 2
+2 4
-1 2
+1 4
+1 4
+12 12
+1 4
197 2
299 4
192 2

fl=(34) /build/eglibc-oGUzwX/eglibc-2.19/io/../sysdeps/unix/sysv/linux/wordsize-64/xstat.c
fn=(128) _xstat
34 4
-1 4
+1 4
+1 24
+4 1
-4 12

fl=(20) /build/eglibc-oGUzwX/eglibc-2.19/posix/../sysdeps/unix/syscall-template.S
fn=(58) uname
81 4
+1 1

fl=(19) /build/eglibc-oGUzwX/eglibc-2.19/elf/../sysdeps/unix/sysv/linux/dl-sysdep.c
fn=(56) _dl_discover_osversion
45 7
+2 3
+85 8
-45 3
cfi=(20)
cfn=(58)
calls=1 -6 
* 5
* 1
+15 1
-15 1
+20 1
-1 1
+3 12
+4 3
-2 6
+2 10
+2 1
+1 2
-3 4
+7 3
-1 3
+4 3
-2 3
+2 10
+5 2

fl=(33)
fn=(120) _dl_map_object_deps
147 1
+1 1
-1 2
+1 1
-1 1
+1 1
-1 1
+1 2
-1 5
+1 1
-1 1
+1 2
+14 1
-2 1
+1 1
-13 1
+14 1
+6 3
+10 1
-10 1
+10 3
-14 1
-4 1
+2 1
+17 1
-17 1
-2 2
+2 1
-2 1
+2 1
-2 1
+1 1
+1 1
+6 3
+10 1
-10 1
+10 3
-16 3
+20 1
+21 1
+1 1
-22 2
+19 1
-12 1
+15 1
-16 1
+13 1
343 9
209 1
+8 1
-4 1
+4 1
-8 4
+8 4
-4 4
+4 4
+12 10
+2 3
+11 3
-5 3
-6 6
+5 3
+2 6
+1 6
+3 12
-32 3
+32 6
+50 10
+1 9
-51 316
+1 158
+6 25
cfi=(27)
cfn=(72)
calls=5 24 
* 163
* 10
+5 25
-3 5
+3 5
cfi=(29)
cfn=(90)
calls=5 -91 
* 15390
+2 15
+15 5
+2 10
+5 3
+6 3
-6 6
+3 3
+1 3
+1 3
+1 3
+4 15
-2 12
-57 8
-19 2
471 10
+2 9
+3 6
-1 3
cfi=(15)
cfn=(36)
calls=3 93 
* 102
* 3
+2 3
-2 3
+2 3
+3 3
+1 18
cfi=(16)
cfn=(42)
calls=3 61 
* 68
+1 15
cfi=(16)
cfn=(42)
calls=3 61 
* 68
+4 3
-1 3
+5 20
+3 12
-1 5
+1 10
202 1
497 6
+1 2
+3 5
+11 3
-1 1
cfi=(15)
cfn=(36)
calls=1 93 
* 34
* 1
+3 1
-3 1
+3 1
+5 7
+1 4
+2 11
+6 12
+4 4
-10 4
+10 4
-10 9
+6 3
+4 1
-10 1
+10 1
-10 3
+13 2
+51 6
+2 3
+42 2
+1 1
-1 6
+1 1
cfi=(26)
cfn=(70)
calls=1 30 
* 16
* 1
-2 10
+13 1
-6 1
-1 1
+1 1
+6 2
-13 9
+13 3
-6 3
-1 3
+1 3
+6 9
+2 12
+1 6
-1 12
+1 9
+3 21
-1 30
+23 6
-28 12
+31 12
+3 30
cfi=(26)
cfn=(70)
calls=3 30 
* 30
* 21
217 10
+1 22
+2 3
+2 9
+2 26
658 2
+25 2
+2 1
+1 1
-1 1
+2 3
+7 3
+3 2
+3 8
295 222
623 7
cfi=(16)
cfn=(42)
calls=1 61 
* 42
+2 1
-38 1
+38 2

fn=(122)
60 10
+7 5
-4 15
+1 5
-1 5
+1 5
-1 25
cfi=(21) /build/eglibc-oGUzwX/eglibc-2.19/elf/dl-load.c
cfn=(98) _dl_map_object
calls=5 2317 
* 15000
* 5
+5 10

fl=(9)
fn=(18)
26 17
+1 17
+1 17
+1 17
+2 10
+1 10
+2 10
+1 10
-1 29
+1 29
+1 38
+1 38
+1 38
+2 32
+5 16
+1 16
+1 16
+1 16
+3 16
-6 6
+1 6
+1 6
+1 6
+3 6
+1 18
+1 18
+1 18
+2 18
+3 17
+1 17
+1 17
+1 17
+3 17
+1 12
+1 12
+1 12
+2 12
+3 8
+1 8
+1 8
+1 8
+3 8
+1 8
+1 8
+1 8
+2 8
+3 8
+1 8
+1 8
+1 8
+3 8
+1 7
+1 7
+1 7
+2 8
+3 1
+2 1
+1 1
-3 15
+2 15
+1 15
+1 13
+2 13
+1 13
+1 12
+2 12
+1 12
+1 11
+2 11
+1 11
+1 10
+2 10
+2 10
+1 10
+1 10
+2 10
+1 10
+1 8
+2 8
+1 8
+1 6
+2 6
+1 6
-1 11
+1 11

fl=(15)
fn=(40)
51 108
+1 133
+11 26
+1 26
-1 26
+3 26
-3 26
+3 52
-3 1
+1 1
-1 1
+3 1
-3 1
+3 98
+4 12
+1 9
+6 21
cfi=(25)
cfn=(68)
calls=3 +4 
* 18
+2 15
+4 9
+3 3
+1 3
+2 15
-3 24
+1 24
+2 192
-31 3
+1 1
-2 3

fn=(82) free
121 1
-2 2
+2 1
+7 2

fn=(76) strsep
338 8
+2 4
+1 8
+4 132
+7 366
-2 244
+10 61
-15 185
+18 2
+4 4

fn=(32)
102 10
+7 30
-3 10
+3 20
+4 10
cfn=(36)
calls=10 -20 
* 366
* 10

fn=(36)
93 26
+1 52
cfn=(40)
calls=26 -43 
* 827
* 26

fl=(26)
fn=(70)
30 20
+1 20
+1 20
+1 6168
+1 20
+1 20

fl=(2)
fn=(92)
797 16

fn=(140)
656 2
+2 4
cfi=(37) /build/eglibc-oGUzwX/eglibc-2.19/elf/dl-version.c
cfn=(142) _dl_check_all_versions
calls=1 380 
* 6036
* 2
+4 2

fn=(48)
843 8

fn=(22) dl_main
887 1
+19 1
-19 9
+19 1
+3 1
2488 1
887 1
2488 1
909 1
+4 1
-26 1
+26 1
+1 2
+5 2
2481 2
+7 1
-4 1
+4 1
-5 1
+5 9
+2 2
cfi=(11) /build/eglibc-oGUzwX/eglibc-2.19/elf/dl-environ.c
cfn=(24) _dl_next_ld_env_entry
calls=1 30 
* 82
* 4
cfi=(11)
cfn=(24)
calls=2 30 
* 412
* 9
+4 48
+1 19
-1 57
+3 4
+6 16
+76 4
cfi=(12)
cfn=(26)
calls=1 315 
* 120
* 2
+2 3
-55 4
cfi=(12)
cfn=(26)
calls=1 315 
* 26
* 2
2653 3
+33 3
929 4
1128 7
cfi=(13)
cfn=(28)
calls=1 61 
* 248
+2 1
-2 1
+2 1
+1 1
+1 1
+5 2
-5 1
+1 3
+4 1
cfi=(13)
cfn=(44)
calls=1 32 
* 34
+1 2
896 1
1167 1
-3 1
-5 1
+1 1
+2 1
+5 6
+56 2
893 1
1223 2
-55 24
-1 27
+1 47
-1 2
1270 3
+3 2
+2 2
+2 2
+13 3
+1 8
cfi=(17)
cfn=(50)
calls=1 131 
* 7
* 3
+7 1
+3 1
-5 1
+3 1
+2 1
+1 2
+4 2
+2 2
fi=(3) /build/eglibc-oGUzwX/eglibc-2.19/elf/get-dynamic-info.h
29 1
+9 2
+6 1
-2 1
+2 2
+7 1
+5 1
+3 1
+2 1
-3 1
-3 1
-3 14
+10 3
-18 9
+8 20
+10 20
-18 60
+18 1
-18 3
+2 48
+5 16
+2 4
+16 3
+38 3
+5 2
+7 2
+1 3
+16 3
+14 3
+18 2
fe=(2)
1313 2
cfi=(6)
cfn=(10)
calls=1 859 
* 25
+3 4
fi=(18) /build/eglibc-oGUzwX/eglibc-2.19/elf/setup-vdso.h
24 2
fe=(2)
1338 1
cfi=(19)
cfn=(56)
calls=1 45 
* 93
* 8
1172 3
+1 1
+90 2
+1 2
+1 1
-6 2
+1 1
-37 2
-1 2
+1 4
-1 2
+2 4
+1 1
+3 2
+1 2
-1 2
+1 2
+1 2
+1 6
+1 2
-43 1
-2 2
+27 1
-25 1
+7 2
-10 1
+10 1
-19 3
+1 1
fi=(3)
56 4
+3 4
+1 1
+1 3
fe=(2)
2533 4
cfi=(12)
cfn=(26)
calls=1 315 
* 80
* 2
+2 3
1343 2
cfi=(21)
cfn=(60) _dl_init_paths
calls=1 714 
* 1695
+3 3
cfi=(28) /build/eglibc-oGUzwX/eglibc-2.19/elf/dl-debug.c
cfn=(84) _dl_debug_initialize
calls=1 50 
* 17
+7 1
-7 1
+2 1
+5 1
+3 3
+1 1
+3 1
-3 3
+1 2
+3 1
+5 1
-7 1
+7 1
+1 5
+4 1
+4 1
-2 4
+1 2
+1 3
+5 2
+1 6
+2 2
+1 2
+5 2
+5 3
902 1
1575 3
+3 2
+4 3
+5 2
+1 1
cfi=(28)
cfn=(86) _dl_debug_state
calls=1 74 
* 1
+5 3
+15 3
+4 3
+31 3
cfi=(23)
cfn=(64)
calls=1 81 
* 9
* 2
+77 4
+17 3
+1 1
-1 1
+1 2
-1 1
+1 5
cfi=(33)
cfn=(120)
calls=1 147 
* 17503
+1 1
+5 1
-5 3
+2 2
+3 4
+1 4
-1 2
+1 16
-1 8
+4 3
+1 3
+1 1
+2 2
+1 5
-1 5
+1 6
-1 9
-28 1
+1 1
-1 7
+4 1
+1 1
-1 1
+2 2
+1 2
+35 1
-1 2
+1 1
+2 1
+2 3
+2 1
-4 2
+5 1
-1 2
+14 2
+1 2
+1 3
+12 1
+1 1
-2 1
+2 1
-2 1
+2 1
-2 1
+2 1
-2 1
+2 1
cfi=(29)
cfn=(138)
calls=1 205 
* 6076
+10 1
+1 1
-1 1
+1 1
+1 1
cfn=(148) init_tls
calls=1 723 
* 621
* 1
+2 2
+3 1
cfn=(154) security_init
calls=1 850 
* 20
+2 2
2050 3
+56 1
+4 1
+7 1
-11 1
+4 3
+4 2
+3 1
+8 2
+95 4
+1 1
+5 2
cfi=(36)
cfn=(192)
calls=1 376 
* 275
+4 2
+14 3
+2 2
+29 1
cfi=(7) /build/eglibc-oGUzwX/eglibc-2.19/elf/../elf/dl-sysdep.c
cfn=(194) _dl_sysdep_start_cleanup
calls=1 256 
* 1
+4 3
+20 3
cfi=(28)
cfn=(84)
calls=1 50 
* 8
+1 1
+1 1
cfi=(28)
cfn=(86)
calls=1 74 
* 1
+5 1
cfi=(35)
cfn=(196)
calls=1 309 
* 15
+5 8
-65 2
+15 1
+3 1
-3 1
+3 1
-3 2
+3 2
-3 1
+2 1
+1 1
cfi=(39)
cfn=(158)
calls=1 154 
* 6753
+1 4
+2 3
-96 3
+7 1
+2 11
+2 1
+2 15
+5 10
+2 10
+8 5
-2 5
+2 10
+1 32
cfi=(39)
cfn=(158)
calls=4 154 
* 87774
+4 17
-22 14
+25 4
+2 1
+6 1
-6 1
+6 1
-22 1
+1 1
-3 2
+14 2
cfi=(36)
cfn=(190)
calls=1 831 
* 20
* 1
-69 1
895 2
1763 2
+21 3
1619 2
cfi=(9)
cfn=(18)
calls=1 26 
* 102
* 8
cfi=(16)
cfn=(42)
calls=1 61 
* 92
* 1
+3 5
-12 1
+12 1
+3 3
cfi=(15)
cfn=(76)
calls=1 338 
* 765
* 3
cfi=(15)
cfn=(76)
calls=1 338 
* 6
* 6
+1 2
+1 3
+2 4
cfn=(88) do_preload
calls=1 803 
* 2547
* 2
1332 3
1631 1
+1 1
-1 3
+1 1
+1 3

fn=(88)
803 1
+12 1
-12 5
+10 1
-4 1
+1 1
+5 4
-10 1
+6 1
+4 1
cfi=(29)
cfn=(90)
calls=1 163 
* 2519
+1 3
+8 3
+6 5

fn=(2)
361 9
+18 4
fi=(3)
44 1
fe=(2)
379 1
fi=(5)
58 3
fi=(3)
-14 1
fe=(2)
408 1
-3 1
fi=(3)
44 1
+17 2
-3 1
-7 1
+5 1
+3 1
+2 1
-3 1
-3 1
-3 2
-5 26
+15 13
-18 39
+18 1
-18 3
+2 36
+5 20
+1 16
+10 4
-18 12
+25 2
+20 4
+1 4
+1 4
+1 4
+2 4
+5 4
+1 4
+1 4
+6 3
+5 2
+7 3
+1 3
+8 3
+2 3
+3 2
+1 2
fe=(2)
536 2
+7 1
284 2
+12 2
cfi=(6)
cfn=(10)
calls=1 859 
* 25
+1 2
+1 2
+1 2
+1 2
+21 1
+10 1
-10 3
+10 1
-6 1
-4 1
+10 1
cfi=(7)
cfn=(12) _dl_sysdep_start
calls=1 86 
* 127226
* 1
+9 4
+3 1
+4 1
-4 1
+4 1
568 9
fi=(3)
53 4
+3 4
fe=(2)
541 34
fi=(4)
84 1
+27 1
-28 1
+28 2
+1 2
fi=(5)
492 2
fi=(4)
112 18
fi=(5)
492 18
+1 20
fi=(4)
111 20
fi=(5)
493 10
fi=(4)
111 10
+5 2
+8 1
fi=(5)
287 1
fi=(4)
124 2
+13 1
+2 2
-2 1
fi=(5)
241 1
fi=(4)
137 1
fi=(5)
269 1
fi=(4)
137 2
fi=(5)
269 1
fi=(4)
137 8
+2 16
-2 8
fi=(5)
241 8
fi=(4)
137 8
fi=(5)
269 8
fi=(4)
137 16
fi=(5)
269 8
+9 18
+3 9
-3 18
+3 27
+6 54
fi=(3)
59 4
+1 1
+1 2
fe=(2)
284 73
fi=(5)
391 9
+9 9
fi=(4)
124 28
fe=(2)

fn=(148)
723 1
-1 1
-6 1
+2 2
+4 1
+10 4
cfi=(15)
cfn=(32)
calls=1 102 
* 43
* 1
+11 1
-15 1
+3 1
+6 1
+2 1
-11 1
+15 1
+2 1
-1 1
+1 12
+2 10
+4 1
+2 1
-2 2
-5 10
+9 3
+3 1
cfi=(36)
cfn=(150)
calls=1 112 
* 73
+7 1
cfi=(36)
cfn=(152)
calls=1 328 
* 428
+1 1
-1 1
+1 1
+6 1
+8 1
-8 1
+8 6
+4 1
+2 1
+1 2

fn=(96)
624 2
+2 7
cfi=(21)
cfn=(98)
calls=1 2317 
* 2446
* 1
+2 2

fn=(46)
837 8

fn=(154)
850 2
+2 1
fi=(38) /build/eglibc-oGUzwX/eglibc-2.19/elf/../sysdeps/unix/sysv/linux/dl-osinfo.h
61 2
+23 2
+2 1
+7 1
fe=(2)
854 1
+7 1
fi=(38)
101 2
+11 1
fe=(2)
863 1
+7 1
-5 1
+6 3

fl=(83)
fn=(354)
182 5
+1 4
+1 16
+1 2
+3 2
+4 1
-9 9

fl=(28)
fn=(84)
50 10
+5 8
+5 2
-1 1
+1 2
+1 2
-1 2
-9 5
+4 10
+4 1
-1 1
-58 5

fn=(86)
74 2

fl=(21)
fn=(74) fillin_rpath
486 8
+2 1
-2 9
+5 1
cfi=(15)
cfn=(76)
calls=1 338 
* 237
* 3
+4 4
cfn=(78) expand_dynamic_string_token
calls=1 -80 
* 162
+2 1
-2 1
+2 1
cfi=(9)
cfn=(18)
calls=1 26 
* 44
+4 1
-4 1
+4 1
+7 6
+34 2
+4 3
+1 3
-1 1
+1 1
-2 1
cfi=(15)
cfn=(36)
calls=1 93 
* 34
* 1
+3 1
-3 1
+3 3
+5 1
+1 3
-2 1
+2 1
cfi=(24)
cfn=(66)
calls=1 61 
* 31
+3 1
-3 1
+3 1
-2 1
+2 1
+6 4
+1 14
+1 10
+3 1
-1 2
+1 1
+7 1
+1 1
-1 1
+4 3
+2 2
cfi=(15)
cfn=(82)
calls=1 121 
* 6
* 1
* 2
-90 1
cfi=(15)
cfn=(76)
calls=1 338 
* 6
* 2
+94 1
+3 9
-65 18
+1 8
-16 2
+5 2
+3 5
+26 2
+31 2

fn=(124) open_path
2168 16
+1 2
-1 10
+7 2
-7 2
+1 2
+6 2
+5 4
-7 2
+7 2
-8 2
+8 6
+74 2
-74 2
+74 2
-22 4
-52 2
+52 6
-40 2
-9 2
+9 2
+7 8
cfi=(24)
cfn=(66)
calls=2 61 
* 62
+1 2
-1 2
+1 6
-13 4
+33 8
-20 19
+3 16
+4 40
cfi=(24)
cfn=(66)
calls=5 61 
* 99
* 20
cfi=(24)
cfn=(66)
calls=5 61 
* 115
* 5
+3 5
+3 10
+3 30
cfn=(126) open_verify.constprop.6
calls=5 1871 
* 195
* 5
+2 15
+26 4
+2 3
-21 8
+1 36
+6 8
+2 12
-2 4
+2 4
cfi=(34)
cfn=(128)
calls=4 34 
* 49
* 8
+1 1
+2 1
-2 1
+2 8
+7 2
-44 2
+37 6
+7 6
-44 7
+85 10
+7 2
-2 2
+2 6
+3 6
-13 2
+27 19
-72 6

fn=(102) open_verify
1873 10
+36 1
-36 2
+36 2
+21 4
cfi=(23)
cfn=(104)
calls=1 81 
* 5
+1 1
-1 1
+1 1
+10 1
+1 2
+5 6
cfi=(23)
cfn=(106) read
calls=1 81 
* 5
+2 2
+2 1
+2 1
-2 2
+2 1
+6 2
+16 5
cfi=(12)
cfn=(26)
calls=1 315 
* 88
* 2
+2 1
-2 2
+4 4
cfi=(12)
cfn=(26)
calls=1 315 
* 80
-4 2
+75 2
+5 2
+3 4
+5 2
+7 1
+1 1
-1 4
+1 3
+1 1
+15 61
+2 19
+4 4
+1 2
+13 1
+1 1
+2 1
-3 1
+1 1
-1 1
+1 1
-2 1
+4 2
-7 4
cfi=(12)
cfn=(26)
calls=1 315 
* 80
* 2
-97 3
2154 8

fn=(98)
2317 48
+7 6
-7 12
+7 6
+1 12
+3 54
+12 30
-12 45
+5 54
+1 36
+2 54
cfi=(31)
cfn=(100)
calls=18 288 
* 1245
* 39
2607 48
2362 6
+10 18
+26 6
-2 3
+2 3
cfi=(27)
cfn=(72)
calls=3 24 
* 69
* 6
2538 6
cfn=(78)
calls=1 415 
* 239
+1 1
-3 1
+4 1
-1 2
+4 6
cfn=(102)
calls=1 1873 
* 447
+3 1
-3 1
+3 1
+12 12
+2 6
+44 3
+1 24
-1 3
+1 9
cfn=(108) _dl_map_object_from_fd
calls=3 923 
* 9747
* 3
2402 4
cfi=(9)
cfn=(18)
calls=2 26 
* 114
* 2
+2 2
-2 2
+2 2
+7 8
+35 4
+1 30
cfn=(124)
calls=2 2168 
* 965
* 6
+6 12
691 2
2454 2
691 4
2530 4
-95 8
+21 4
+6 8
+2 6
+4 4
cfi=(35)
cfn=(130)
calls=2 182 
* 2176
+2 2
-2 2
+2 2
+4 6
+8 4
+22 18
cfn=(126)
calls=2 1871 
* 1058
+3 6
161 6
cfi=(9)
cfn=(18)
calls=2 26 
* 160
* 2
+1 4
cfi=(15)
cfn=(36)
calls=2 -69 
* 68
* 2
+2 6
+3 8
cfi=(16)
cfn=(42)
calls=2 61 
* 142
2510 2
-1 2
+1 4
-74 14
691 2
2437 2
691 4
2415 2
+8 6
-7 6
-1 2
+8 16
-3 6
691 2
2421 2
691 4
2341 45
+3 6
+2 6
-1 12
+1 6
cfi=(17)
cfn=(50)
calls=6 131 
* 105
* 12

fn=(78)
415 16
+10 6
cfi=(27)
cfn=(72)
calls=2 24 
* 70
* 4
161 4
cfi=(9)
cfn=(18)
calls=2 26 
* 125
* 2
+1 4
cfi=(15)
cfn=(36)
calls=2 -69 
* 68
* 2
+2 4
+3 6
440 10
167 2
cfi=(16)
cfn=(42)
calls=2 61 
* 78

fn=(108)
923 36
+11 3
-11 3
+11 3
-11 6
+11 3
cfi=(28)
cfn=(84)
calls=3 50 
* 24
+4 9
-4 3
+4 3
cfi=(32)
cfn=(112)
calls=3 34 
* 30
* 6
+11 21
+1 9
-1 27
+1 36
+17 6
+25 6
+10 6
+22 12
+32 6
935 3
1059 21
cfi=(13)
cfn=(28)
calls=3 61 
* 1508
+1 3
-1 3
+1 3
+11 6
+5 3
-5 3
+1 6
+1 3
+2 3
-2 3
+2 12
+1 9
+1 3
+24 6
+8 3
-8 27
+8 3
-8 3
+8 3
+89 3
-95 3
-1 3
+96 3
1092 3
1198 6
+8 15
-96 45
-1 208
+1 160
+6 6
+1 9
+1 3
+3 4
+1 2
+5 30
+6 12
+1 6
-1 24
+8 6
+2 12
-2 6
+1 6
+4 6
-5 12
+1 12
+1 6
+1 6
+3 6
+4 6
-9 6
+2 6
+1 6
+1 6
+1 6
+4 6
+1 9
+5 6
-16 3
+16 15
+10 3
-10 6
-16 3
+16 15
+10 3
+3 3
+5 1
-1 1
+3 1
-1 1
-1 1
+1 1
+3 3
+1 2
+3 2
+4 4
+6 1
cfi=(36)
cfn=(136)
calls=1 50 
* 8
* 2
+1 1
+60 6
+1 9
+1 3
-6 6
+1 12
+8 9
+13 24
+2 6
+14 3
+5 18
cfi=(25)
cfn=(68)
calls=3 81 
* 18
+4 3
-4 3
+4 3
+7 3
+1 3
-1 3
+1 3
+2 3
-3 3
+1 3
+2 3
+10 3
+2 3
+33 18
+1 9
+2 12
+8 24
+6 3
+2 3
-2 3
+1 3
+2 3
-1 3
+1 3
-1 9
+8 6
+3 6
+11 21
cfi=(26)
cfn=(70)
calls=3 30 
* 5258
+1 15
+5 6
+15 6
-74 30
+2 12
+2 24
cfi=(25)
cfn=(68)
calls=3 81 
* 18
* 6
-30 3
-1 15
cfi=(25)
cfn=(114)
calls=3 81 
* 15
* 3
1072 3
1418 12
+9 6
fi=(3)
38 3
fe=(21)
1427 3
fi=(3)
38 3
+6 3
-2 3
+2 6
+7 3
+5 3
+3 3
-1 3
-3 3
-3 66
+10 15
-18 45
+8 57
+10 57
-18 171
+18 3
-18 9
+2 150
+5 72
+2 12
+16 6
+20 11
+1 12
+1 12
+1 12
+2 12
+5 12
+1 11
+1 12
+6 9
+5 6
+7 6
+1 9
+16 9
+5 2
+2 2
-2 2
+2 2
+2 4
+2 4
+3 9
+10 2
-8 4
+9 4
-1 2
+5 4
+3 6
fe=(21)
1433 6
+16 9
+19 6
+2 15
+55 9
+1 2
+3 2
cfi=(23)
cfn=(118)
calls=1 81 
* 5
* 4
cfi=(23)
cfn=(118)
calls=2 81 
* 10
* 6
+8 15
+3 9
+2 3
-2 3
+2 3
+16 6
cfi=(6)
cfn=(10)
calls=3 859 
* 75
+4 6
+1 6
+17 6
+1 2
+3 2
+5 2
-5 2
+1 4
+4 2
-5 1
+5 1
-5 1
+1 2
+4 1
+10 9
cfi=(13)
cfn=(44)
calls=3 32 
* 132
+4 12
+20 24
fi=(3)
56 12
+3 12
+1 3
+1 12
fe=(21)
1356 5
+2 1
-1 3
+1 2
-1 1
+1 2
-1 2
+3 4
+43 16
cfi=(25)
cfn=(68)
calls=2 81 
* 12
+3 4
1537 6
474 2

fn=(60)
714 1
+13 2
-13 8
+13 3
cfi=(22) /build/eglibc-oGUzwX/eglibc-2.19/elf/dl-hwcaps.c
cfn=(62) _dl_important_hwcaps
calls=1 39 
* 351
+5 1
-5 1
+5 1
cfi=(15)
cfn=(36)
calls=1 93 
* 34
* 1
+1 1
-1 1
-1 1
+2 1
+8 1
-1 1
+1 4
-1 4
+5 2
cfi=(15)
cfn=(36)
calls=1 93 
* 55
* 1
+2 1
-3 1
+3 2
+29 1
-12 1
-10 1
+11 1
+3 2
+8 1
-12 1
+3 2
-14 1
+9 1
+5 3
+9 2
-7 27
cfi=(26)
cfn=(70)
calls=4 30 
* 88
+7 16
-12 3
+12 6
-14 3
+3 6
-1 3
+3 3
-5 3
+6 12
+4 3
-3 3
+3 6
-3 3
-7 6
+25 1
-11 1
+6 1
+1 1
+5 2
+2 4
+2 3
+38 4
+8 3
cfi=(27)
cfn=(72)
calls=1 24 
* 23
* 2
+2 2
cfi=(9)
cfn=(18)
calls=1 26 
* 57
* 8
cfi=(16)
cfn=(42)
calls=1 61 
* 31
* 1
+17 3
-1 2
+3 1
+1 3
+1 1
-4 3
+2 13
+1 39
+1 13
-4 40
+8 1
cfi=(15)
cfn=(36)
calls=1 93 
* 34
* 1
+1 1
-2 1
+2 1
+6 8
cfn=(74)
calls=1 486 
* 681
+4 3
+6 1
+4 8
-75 1
-2 1
+2 2
+14 2

fn=(126)
1871 70
+38 7
-38 7
+38 14
+21 28
cfi=(23)
cfn=(104)
calls=7 81 
* 55
+1 7
-1 7
+1 7
+10 2
+1 4
+5 12
cfi=(23)
cfn=(106)
calls=2 81 
* 10
+2 4
+2 2
+2 2
-2 4
+2 2
+6 4
+16 10
cfi=(12)
cfn=(26)
calls=2 315 
* 176
* 4
+2 2
-2 4
+4 8
cfi=(12)
cfn=(26)
calls=2 315 
* 160
-4 4
+75 4
+5 4
+3 8
+5 4
+7 2
+1 2
-1 10
+1 6
+1 2
-2 2
+17 90
+2 34
+4 8
+1 4
+13 2
+1 2
+2 2
-3 2
+1 2
-1 2
+1 2
-2 2
+4 4
+5 2
+1 2
-13 8
cfi=(12)
cfn=(26)
calls=2 315 
* 146
* 8
cfi=(12)
cfn=(26)
calls=2 315 
* 160
* 8
+16 4
+6 2
-3 2
+1 2
+1 2
+1 4
+1 8
-4 2
+1 2
+1 2
-1 6
-1 2
+4 4
+5 5
+23 56

fl=(16)
fn=(42)
61 18
+2 18
+2 18
+3 18
+1 18
+2 4
+1 4
+2 4
+1 4
+5 4
+1 4
-1 14
+1 14
+2 4
+1 4
+2 4
+1 8
+5 4
+1 4
-1 14
+1 14
+2 3
+1 3
+2 3
+1 3
+5 3
+1 3
-1 15
+1 15
+2 11
+1 11
+2 11
+1 11
+5 11
+1 11
-1 7
+1 15
+5 8
+1 8
+1 8
+1 8
+2 8
+2 8
+1 8
+2 8
+8 18
+8 6
+6 6
+2 6
+1 6
+3 3
+1 6
+5 3
+1 3
+2 3
+2 3
+1 3
+2 3
-8 12
+1 12
+2 12
+2 12
+1 12
+2 15
+9 3
+1 3
-1 3
+1 3
+3 6
+1 6
+1 6
+5 5
+2 5
+1 5
+1 5
+1 5
+2 5
+1 5
+1 5
+1 5
+2 5
+1 5
+2 5
+22 6
+6 6
+1 6

fl=(7)
fn=(194)
256 1

fn=(12)
86 7
+25 1
-1 1
+1 1
-25 1
+25 228
+6 1
-3 1
+1 1
-4 1
+3 1
+3 4
+1 6
-1 3
-29 1
-1 2
+31 105
-1 82
fi=(19)
-82 2
cfi=(8)
cfn=(14)
calls=1 -4 
* 12
fi=(5)
200 5
fe=(7)
+34 2
cfi=(10)
cfn=(20)
calls=1 34 
* 17
* 3
+12 3
+3 6
cfi=(2)
cfn=(22)
calls=1 887 
* 126660
+1 1
+1 8
151 1
+1 1
+27 1
+1 1
-17 1
+1 1
-7 1
+1 1
-4 1
+1 1
-25 1
+1 1
-4 1
+1 1
-7 1
+1 1
+2 1
+1 1
232 1
cfi=(9)
cfn=(18)
calls=1 26 
* 39
* 2

fl=(37)
fn=(142)
380 6
+4 4
-2 2
+4 35
cfn=(144) _dl_check_map_versions
calls=5 174 
* 5947
-2 5
+2 15
-1 5
-1 10
+5 7

fn=(144)
174 45
+15 5
-15 10
+15 10
+2 5
+3 5
-3 5
+2 5
+1 5
+2 5
-3 5
+3 5
+3 12
+4 18
+17 3
56 3
220 3
56 3
220 3
56 15
220 2
56 2
220 2
56 2
220 2
56 10
+1 16
-1 32
+2 63
cfi=(31)
cfn=(100)
calls=21 288 
* 1467
* 47
228 15
+5 35
+19 7
-15 156
cfn=(146) match_symbol
calls=3 76 
* 532
* 27
cfn=(146)
calls=9 76 
* 1624
* 12
+7 48
+3 41
+9 20
+5 2
+1 2
-79 2
-8 2
+95 15
+3 9
+10 36
-7 144
+3 108
-3 12
+3 9
+8 5
+86 5
-86 5
+87 8
-81 16
cfi=(15)
cfn=(32)
calls=4 102 
* 172
* 4
+1 4
-2 4
+2 4
+11 4
-3 4
+3 8
+2 12
+3 12
+4 15
+18 7
-15 21
+2 21
-2 15
+2 15
+2 12
+1 12
-1 24
+1 12
-1 12
+1 12
+1 12
-2 12
+2 24
+1 36
+3 36
+8 15
+5 2
+1 2
+4 12
+3 12
+20 36
-14 36
-2 36
+2 39
-2 3
+2 3
+4 36
+2 36
-1 72
+1 36
-1 108
+1 36
+1 36
+3 117
+10 4
-1 4
+1 28

fn=(146)
76 132
+9 12
-8 12
-1 24
+1 12
+8 12
+6 36
+15 12
+1 24
+2 12
+5 24
+14 176
+12 228
+4 76
-30 152
+16 12
+3 48
cfi=(17)
cfn=(50)
calls=12 -2 
* 1032
* 24
+35 96

fl=(22)
fn=(62)
39 8
+3 1
-1 1
+1 1
+9 1
-12 3
+3 1
-3 1
+3 1
+9 2
+10 4
+31 2
+23 3
cfi=(23)
cfn=(64)
calls=1 -34 
* 9
* 2
-2 1
+17 6
+3 2
+29 2
+8 2
+2 4
+1 4
+4 2
+4 1
-3 1
-1 1
+4 1
+3 2
+4 5
+1 1
-1 7
+1 1
+18 12
+1 4
cfi=(15)
cfn=(36)
calls=1 93 
* 34
* 1
+1 1
-1 1
+1 3
+29 1
+3 1
-3 2
+3 1
+28 9
+1 2
-1 2
+1 6
-1 8
+5 6
+3 1
-3 1
+3 2
-3 1
+3 1
-3 2
+3 1
-3 1
+3 2
-3 1
+3 3
+1 12
+1 4
-1 4
+1 8
-2 4
+1 8
-1 14
+4 4
+3 1
+2 2
-1 1
-1 2
+2 10
+13 2
+1 1
-1 1
+3 2
-3 2
+1 1
-1 1
+3 2
+3 3
+3 1
-1 1
+1 7
145 2
-14 2
243 3
cfi=(24)
cfn=(66)
calls=1 61 
* 22
+1 2
-1 2
+1 1
cfi=(24)
cfn=(66)
calls=1 61 
* 22
* 4

fl=(11)
fn=(24)
30 3
+3 11
+2 146
+11 71
-13 213
-2 1
+19 1
-14 40
+5 2
-3 2
+3 2
+2 2

fl=(30)
fn=(94)
26 6
+9 6
+1 12
+1 6
+4 6
+1 6
+1 6
+1 6
+1 6
+2 12
+2 6
+1 6
+3 12
+2 6
+4 6
+1 6

fl=(23)
fn=(64)
81 16
+2 20

fn=(106)
81 12
+1 3

fn=(118)
81 16
+1 4

fn=(104)
81 36
+1 4
+1 25

fl=(52)
fn=(220)
34 39
+2 39
+1 39
+1 39
+1 39
+1 39
+1 39
+1 39
+1 39
+1 39
+1 39
cfi=(53)
cfn=(222)
calls=39 +21 
* 35864
+1 39
+1 39
+1 39
+1 39
+1 39
+1 39
+1 39
+1 39
+1 39
+2 39

totals: 6967176164
